#  E (eV)   dos(E)     Int dos(E) EFermi =    8.071 eV
  -5.000  0.0000E+00  0.0000E+00
  -4.980  0.0000E+00  0.0000E+00
  -4.960  0.0000E+00  0.0000E+00
  -4.940  0.0000E+00  0.0000E+00
  -4.920  0.0000E+00  0.0000E+00
  -4.900  0.0000E+00  0.0000E+00
  -4.880  0.0000E+00  0.0000E+00
  -4.860  0.0000E+00  0.0000E+00
  -4.840  0.0000E+00  0.0000E+00
  -4.820  0.0000E+00  0.0000E+00
  -4.800  0.0000E+00  0.0000E+00
  -4.780  0.0000E+00  0.0000E+00
  -4.760  0.0000E+00  0.0000E+00
  -4.740  0.0000E+00  0.0000E+00
  -4.720  0.0000E+00  0.0000E+00
  -4.700  0.0000E+00  0.0000E+00
  -4.680  0.0000E+00  0.0000E+00
  -4.660  0.0000E+00  0.0000E+00
  -4.640  0.0000E+00  0.0000E+00
  -4.620  0.0000E+00  0.0000E+00
  -4.600  0.0000E+00  0.0000E+00
  -4.580  0.0000E+00  0.0000E+00
  -4.560  0.0000E+00  0.0000E+00
  -4.540  0.0000E+00  0.0000E+00
  -4.520  0.0000E+00  0.0000E+00
  -4.500  0.0000E+00  0.0000E+00
  -4.480  0.0000E+00  0.0000E+00
  -4.460  0.0000E+00  0.0000E+00
  -4.440  0.0000E+00  0.0000E+00
  -4.420  0.0000E+00  0.0000E+00
  -4.400  0.0000E+00  0.0000E+00
  -4.380  0.0000E+00  0.0000E+00
  -4.360  0.0000E+00  0.0000E+00
  -4.340  0.0000E+00  0.0000E+00
  -4.320  0.0000E+00  0.0000E+00
  -4.300  0.0000E+00  0.0000E+00
  -4.280  0.0000E+00  0.0000E+00
  -4.260  0.0000E+00  0.0000E+00
  -4.240  0.0000E+00  0.0000E+00
  -4.220  0.0000E+00  0.0000E+00
  -4.200  0.0000E+00  0.0000E+00
  -4.180  0.0000E+00  0.0000E+00
  -4.160  0.0000E+00  0.0000E+00
  -4.140  0.0000E+00  0.0000E+00
  -4.120  0.0000E+00  0.0000E+00
  -4.100  0.0000E+00  0.0000E+00
  -4.080  0.0000E+00  0.0000E+00
  -4.060  0.0000E+00  0.0000E+00
  -4.040  0.0000E+00  0.0000E+00
  -4.020  0.0000E+00  0.0000E+00
  -4.000  0.0000E+00  0.0000E+00
  -3.980  0.0000E+00  0.0000E+00
  -3.960  0.0000E+00  0.0000E+00
  -3.940  0.0000E+00  0.0000E+00
  -3.920  0.0000E+00  0.0000E+00
  -3.900  0.0000E+00  0.0000E+00
  -3.880  0.0000E+00  0.0000E+00
  -3.860  0.0000E+00  0.0000E+00
  -3.840  0.0000E+00  0.0000E+00
  -3.820  0.0000E+00  0.0000E+00
  -3.800  0.0000E+00  0.0000E+00
  -3.780  0.0000E+00  0.0000E+00
  -3.760  0.0000E+00  0.0000E+00
  -3.740  0.0000E+00  0.0000E+00
  -3.720  0.0000E+00  0.0000E+00
  -3.700  0.0000E+00  0.0000E+00
  -3.680  0.0000E+00  0.0000E+00
  -3.660  0.0000E+00  0.0000E+00
  -3.640  0.0000E+00  0.0000E+00
  -3.620  0.0000E+00  0.0000E+00
  -3.600  0.0000E+00  0.0000E+00
  -3.580  0.0000E+00  0.0000E+00
  -3.560  0.0000E+00  0.0000E+00
  -3.540  0.0000E+00  0.0000E+00
  -3.520  0.0000E+00  0.0000E+00
  -3.500  0.0000E+00  0.0000E+00
  -3.480  0.0000E+00  0.0000E+00
  -3.460  0.0000E+00  0.0000E+00
  -3.440  0.0000E+00  0.0000E+00
  -3.420  0.0000E+00  0.0000E+00
  -3.400  0.0000E+00  0.0000E+00
  -3.380  0.0000E+00  0.0000E+00
  -3.360  0.0000E+00  0.0000E+00
  -3.340  0.0000E+00  0.0000E+00
  -3.320  0.0000E+00  0.0000E+00
  -3.300  0.0000E+00  0.0000E+00
  -3.280  0.0000E+00  0.0000E+00
  -3.260  0.0000E+00  0.0000E+00
  -3.240  0.0000E+00  0.0000E+00
  -3.220  0.0000E+00  0.0000E+00
  -3.200  0.2212E-03  0.4865E-06
  -3.180  0.3595E-02  0.3187E-04
  -3.160  0.1103E-01  0.1714E-03
  -3.140  0.2086E-01  0.6773E-03
  -3.120  0.2531E-01  0.1138E-02
  -3.100  0.3011E-01  0.1692E-02
  -3.080  0.3525E-01  0.2345E-02
  -3.060  0.4224E-01  0.3125E-02
  -3.040  0.4588E-01  0.4012E-02
  -3.020  0.4361E-01  0.4916E-02
  -3.000  0.4594E-01  0.5809E-02
  -2.980  0.4889E-01  0.6757E-02
  -2.960  0.5214E-01  0.7766E-02
  -2.940  0.5565E-01  0.8844E-02
  -2.920  0.5920E-01  0.9993E-02
  -2.900  0.6246E-01  0.1121E-01
  -2.880  0.6338E-01  0.1247E-01
  -2.860  0.6495E-01  0.1375E-01
  -2.840  0.6631E-01  0.1506E-01
  -2.820  0.6728E-01  0.1640E-01
  -2.800  0.6822E-01  0.1776E-01
  -2.780  0.7000E-01  0.1914E-01
  -2.760  0.7251E-01  0.2056E-01
  -2.740  0.7511E-01  0.2204E-01
  -2.720  0.7777E-01  0.2357E-01
  -2.700  0.8048E-01  0.2515E-01
  -2.680  0.8267E-01  0.2678E-01
  -2.660  0.8354E-01  0.2845E-01
  -2.640  0.8363E-01  0.3012E-01
  -2.620  0.8507E-01  0.3180E-01
  -2.600  0.8637E-01  0.3352E-01
  -2.580  0.8770E-01  0.3526E-01
  -2.560  0.8900E-01  0.3703E-01
  -2.540  0.9020E-01  0.3882E-01
  -2.520  0.9133E-01  0.4063E-01
  -2.500  0.9281E-01  0.4247E-01
  -2.480  0.9457E-01  0.4435E-01
  -2.460  0.9647E-01  0.4626E-01
  -2.440  0.9852E-01  0.4821E-01
  -2.420  0.1006E+00  0.5020E-01
  -2.400  0.1028E+00  0.5223E-01
  -2.380  0.1035E+00  0.5430E-01
  -2.360  0.1044E+00  0.5638E-01
  -2.340  0.1051E+00  0.5847E-01
  -2.320  0.1056E+00  0.6058E-01
  -2.300  0.1063E+00  0.6270E-01
  -2.280  0.1075E+00  0.6484E-01
  -2.260  0.1088E+00  0.6700E-01
  -2.240  0.1100E+00  0.6919E-01
  -2.220  0.1113E+00  0.7140E-01
  -2.200  0.1125E+00  0.7364E-01
  -2.180  0.1137E+00  0.7590E-01
  -2.160  0.1149E+00  0.7819E-01
  -2.140  0.1161E+00  0.8050E-01
  -2.120  0.1175E+00  0.8283E-01
  -2.100  0.1190E+00  0.8520E-01
  -2.080  0.1207E+00  0.8759E-01
  -2.060  0.1224E+00  0.9002E-01
  -2.040  0.1237E+00  0.9248E-01
  -2.020  0.1246E+00  0.9497E-01
  -2.000  0.1250E+00  0.9746E-01
  -1.980  0.1258E+00  0.9997E-01
  -1.960  0.1266E+00  0.1025E+00
  -1.940  0.1274E+00  0.1050E+00
  -1.920  0.1281E+00  0.1076E+00
  -1.900  0.1287E+00  0.1102E+00
  -1.880  0.1296E+00  0.1127E+00
  -1.860  0.1307E+00  0.1153E+00
  -1.840  0.1318E+00  0.1180E+00
  -1.820  0.1330E+00  0.1206E+00
  -1.800  0.1341E+00  0.1233E+00
  -1.780  0.1353E+00  0.1260E+00
  -1.760  0.1364E+00  0.1287E+00
  -1.740  0.1376E+00  0.1314E+00
  -1.720  0.1388E+00  0.1342E+00
  -1.700  0.1399E+00  0.1370E+00
  -1.680  0.1410E+00  0.1398E+00
  -1.660  0.1423E+00  0.1426E+00
  -1.640  0.1437E+00  0.1455E+00
  -1.620  0.1443E+00  0.1484E+00
  -1.600  0.1451E+00  0.1513E+00
  -1.580  0.1459E+00  0.1542E+00
  -1.560  0.1466E+00  0.1571E+00
  -1.540  0.1472E+00  0.1600E+00
  -1.520  0.1479E+00  0.1630E+00
  -1.500  0.1488E+00  0.1660E+00
  -1.480  0.1496E+00  0.1689E+00
  -1.460  0.1504E+00  0.1719E+00
  -1.440  0.1512E+00  0.1750E+00
  -1.420  0.1519E+00  0.1780E+00
  -1.400  0.1526E+00  0.1810E+00
  -1.380  0.1535E+00  0.1841E+00
  -1.360  0.1545E+00  0.1872E+00
  -1.340  0.1555E+00  0.1903E+00
  -1.320  0.1565E+00  0.1934E+00
  -1.300  0.1576E+00  0.1965E+00
  -1.280  0.1587E+00  0.1997E+00
  -1.260  0.1598E+00  0.2029E+00
  -1.240  0.1609E+00  0.2061E+00
  -1.220  0.1620E+00  0.2093E+00
  -1.200  0.1630E+00  0.2126E+00
  -1.180  0.1641E+00  0.2158E+00
  -1.160  0.1650E+00  0.2191E+00
  -1.140  0.1655E+00  0.2224E+00
  -1.120  0.1659E+00  0.2257E+00
  -1.100  0.1666E+00  0.2291E+00
  -1.080  0.1673E+00  0.2324E+00
  -1.060  0.1680E+00  0.2358E+00
  -1.040  0.1687E+00  0.2391E+00
  -1.020  0.1695E+00  0.2425E+00
  -1.000  0.1701E+00  0.2459E+00
  -0.980  0.1709E+00  0.2493E+00
  -0.960  0.1717E+00  0.2527E+00
  -0.940  0.1724E+00  0.2562E+00
  -0.920  0.1732E+00  0.2596E+00
  -0.900  0.1740E+00  0.2631E+00
  -0.880  0.1748E+00  0.2666E+00
  -0.860  0.1755E+00  0.2701E+00
  -0.840  0.1763E+00  0.2736E+00
  -0.820  0.1770E+00  0.2772E+00
  -0.800  0.1778E+00  0.2807E+00
  -0.780  0.1788E+00  0.2843E+00
  -0.760  0.1798E+00  0.2879E+00
  -0.740  0.1808E+00  0.2915E+00
  -0.720  0.1817E+00  0.2951E+00
  -0.700  0.1827E+00  0.2987E+00
  -0.680  0.1837E+00  0.3024E+00
  -0.660  0.1847E+00  0.3061E+00
  -0.640  0.1857E+00  0.3098E+00
  -0.620  0.1863E+00  0.3135E+00
  -0.600  0.1870E+00  0.3172E+00
  -0.580  0.1875E+00  0.3210E+00
  -0.560  0.1881E+00  0.3247E+00
  -0.540  0.1885E+00  0.3285E+00
  -0.520  0.1890E+00  0.3323E+00
  -0.500  0.1896E+00  0.3361E+00
  -0.480  0.1903E+00  0.3399E+00
  -0.460  0.1909E+00  0.3437E+00
  -0.440  0.1916E+00  0.3475E+00
  -0.420  0.1923E+00  0.3513E+00
  -0.400  0.1931E+00  0.3552E+00
  -0.380  0.1938E+00  0.3591E+00
  -0.360  0.1945E+00  0.3629E+00
  -0.340  0.1952E+00  0.3668E+00
  -0.320  0.1960E+00  0.3708E+00
  -0.300  0.1967E+00  0.3747E+00
  -0.280  0.1975E+00  0.3786E+00
  -0.260  0.1983E+00  0.3826E+00
  -0.240  0.1990E+00  0.3866E+00
  -0.220  0.1998E+00  0.3905E+00
  -0.200  0.2005E+00  0.3945E+00
  -0.180  0.2013E+00  0.3986E+00
  -0.160  0.2020E+00  0.4026E+00
  -0.140  0.2028E+00  0.4066E+00
  -0.120  0.2037E+00  0.4107E+00
  -0.100  0.2046E+00  0.4148E+00
  -0.080  0.2055E+00  0.4189E+00
  -0.060  0.2065E+00  0.4230E+00
  -0.040  0.2073E+00  0.4272E+00
  -0.020  0.2079E+00  0.4313E+00
   0.000  0.2084E+00  0.4355E+00
   0.020  0.2090E+00  0.4396E+00
   0.040  0.2096E+00  0.4438E+00
   0.060  0.2101E+00  0.4480E+00
   0.080  0.2107E+00  0.4522E+00
   0.100  0.2113E+00  0.4565E+00
   0.120  0.2118E+00  0.4607E+00
   0.140  0.2123E+00  0.4649E+00
   0.160  0.2129E+00  0.4692E+00
   0.180  0.2135E+00  0.4734E+00
   0.200  0.2141E+00  0.4777E+00
   0.220  0.2147E+00  0.4820E+00
   0.240  0.2153E+00  0.4863E+00
   0.260  0.2160E+00  0.4906E+00
   0.280  0.2167E+00  0.4949E+00
   0.300  0.2174E+00  0.4993E+00
   0.320  0.2181E+00  0.5036E+00
   0.340  0.2188E+00  0.5080E+00
   0.360  0.2195E+00  0.5124E+00
   0.380  0.2203E+00  0.5168E+00
   0.400  0.2210E+00  0.5212E+00
   0.420  0.2218E+00  0.5256E+00
   0.440  0.2225E+00  0.5301E+00
   0.460  0.2232E+00  0.5345E+00
   0.480  0.2240E+00  0.5390E+00
   0.500  0.2247E+00  0.5435E+00
   0.520  0.2255E+00  0.5480E+00
   0.540  0.2262E+00  0.5525E+00
   0.560  0.2269E+00  0.5570E+00
   0.580  0.2277E+00  0.5616E+00
   0.600  0.2284E+00  0.5661E+00
   0.620  0.2291E+00  0.5707E+00
   0.640  0.2297E+00  0.5753E+00
   0.660  0.2302E+00  0.5799E+00
   0.680  0.2308E+00  0.5845E+00
   0.700  0.2313E+00  0.5891E+00
   0.720  0.2318E+00  0.5938E+00
   0.740  0.2324E+00  0.5984E+00
   0.760  0.2330E+00  0.6031E+00
   0.780  0.2336E+00  0.6077E+00
   0.800  0.2342E+00  0.6124E+00
   0.820  0.2347E+00  0.6171E+00
   0.840  0.2353E+00  0.6218E+00
   0.860  0.2358E+00  0.6265E+00
   0.880  0.2364E+00  0.6312E+00
   0.900  0.2370E+00  0.6360E+00
   0.920  0.2376E+00  0.6407E+00
   0.940  0.2382E+00  0.6455E+00
   0.960  0.2388E+00  0.6502E+00
   0.980  0.2393E+00  0.6550E+00
   1.000  0.2400E+00  0.6598E+00
   1.020  0.2406E+00  0.6646E+00
   1.040  0.2413E+00  0.6694E+00
   1.060  0.2419E+00  0.6743E+00
   1.080  0.2426E+00  0.6791E+00
   1.100  0.2433E+00  0.6840E+00
   1.120  0.2440E+00  0.6888E+00
   1.140  0.2447E+00  0.6937E+00
   1.160  0.2454E+00  0.6986E+00
   1.180  0.2462E+00  0.7036E+00
   1.200  0.2469E+00  0.7085E+00
   1.220  0.2476E+00  0.7134E+00
   1.240  0.2483E+00  0.7184E+00
   1.260  0.2491E+00  0.7234E+00
   1.280  0.2498E+00  0.7284E+00
   1.300  0.2505E+00  0.7334E+00
   1.320  0.2512E+00  0.7384E+00
   1.340  0.2518E+00  0.7434E+00
   1.360  0.2521E+00  0.7484E+00
   1.380  0.2526E+00  0.7535E+00
   1.400  0.2531E+00  0.7585E+00
   1.420  0.2536E+00  0.7636E+00
   1.440  0.2541E+00  0.7687E+00
   1.460  0.2546E+00  0.7738E+00
   1.480  0.2552E+00  0.7789E+00
   1.500  0.2557E+00  0.7840E+00
   1.520  0.2563E+00  0.7891E+00
   1.540  0.2569E+00  0.7942E+00
   1.560  0.2575E+00  0.7994E+00
   1.580  0.2580E+00  0.8045E+00
   1.600  0.2586E+00  0.8097E+00
   1.620  0.2592E+00  0.8149E+00
   1.640  0.2598E+00  0.8201E+00
   1.660  0.2604E+00  0.8253E+00
   1.680  0.2609E+00  0.8305E+00
   1.700  0.2615E+00  0.8357E+00
   1.720  0.2621E+00  0.8409E+00
   1.740  0.2627E+00  0.8462E+00
   1.760  0.2633E+00  0.8515E+00
   1.780  0.2639E+00  0.8567E+00
   1.800  0.2645E+00  0.8620E+00
   1.820  0.2651E+00  0.8673E+00
   1.840  0.2657E+00  0.8726E+00
   1.860  0.2663E+00  0.8779E+00
   1.880  0.2670E+00  0.8833E+00
   1.900  0.2676E+00  0.8886E+00
   1.920  0.2683E+00  0.8940E+00
   1.940  0.2690E+00  0.8993E+00
   1.960  0.2697E+00  0.9047E+00
   1.980  0.2704E+00  0.9101E+00
   2.000  0.2711E+00  0.9155E+00
   2.020  0.2718E+00  0.9210E+00
   2.040  0.2725E+00  0.9264E+00
   2.060  0.2732E+00  0.9319E+00
   2.080  0.2740E+00  0.9373E+00
   2.100  0.2745E+00  0.9428E+00
   2.120  0.2750E+00  0.9483E+00
   2.140  0.2756E+00  0.9538E+00
   2.160  0.2761E+00  0.9593E+00
   2.180  0.2765E+00  0.9649E+00
   2.200  0.2770E+00  0.9704E+00
   2.220  0.2776E+00  0.9760E+00
   2.240  0.2781E+00  0.9815E+00
   2.260  0.2786E+00  0.9871E+00
   2.280  0.2791E+00  0.9927E+00
   2.300  0.2797E+00  0.9982E+00
   2.320  0.2802E+00  0.1004E+01
   2.340  0.2807E+00  0.1009E+01
   2.360  0.2814E+00  0.1015E+01
   2.380  0.2820E+00  0.1021E+01
   2.400  0.2827E+00  0.1026E+01
   2.420  0.2833E+00  0.1032E+01
   2.440  0.2840E+00  0.1038E+01
   2.460  0.2847E+00  0.1043E+01
   2.480  0.2854E+00  0.1049E+01
   2.500  0.2861E+00  0.1055E+01
   2.520  0.2869E+00  0.1061E+01
   2.540  0.2876E+00  0.1066E+01
   2.560  0.2884E+00  0.1072E+01
   2.580  0.2892E+00  0.1078E+01
   2.600  0.2900E+00  0.1084E+01
   2.620  0.2909E+00  0.1089E+01
   2.640  0.2919E+00  0.1095E+01
   2.660  0.2929E+00  0.1101E+01
   2.680  0.2939E+00  0.1107E+01
   2.700  0.2950E+00  0.1113E+01
   2.720  0.2962E+00  0.1119E+01
   2.740  0.2975E+00  0.1125E+01
   2.760  0.2988E+00  0.1131E+01
   2.780  0.3001E+00  0.1137E+01
   2.800  0.3016E+00  0.1143E+01
   2.820  0.3031E+00  0.1149E+01
   2.840  0.3047E+00  0.1155E+01
   2.860  0.3063E+00  0.1161E+01
   2.880  0.3080E+00  0.1167E+01
   2.900  0.3097E+00  0.1173E+01
   2.920  0.3113E+00  0.1179E+01
   2.940  0.3130E+00  0.1186E+01
   2.960  0.3146E+00  0.1192E+01
   2.980  0.3163E+00  0.1198E+01
   3.000  0.3180E+00  0.1205E+01
   3.020  0.3196E+00  0.1211E+01
   3.040  0.3212E+00  0.1217E+01
   3.060  0.3228E+00  0.1224E+01
   3.080  0.3242E+00  0.1230E+01
   3.100  0.3253E+00  0.1237E+01
   3.120  0.3260E+00  0.1243E+01
   3.140  0.3264E+00  0.1250E+01
   3.160  0.3264E+00  0.1256E+01
   3.180  0.3263E+00  0.1263E+01
   3.200  0.3264E+00  0.1269E+01
   3.220  0.3264E+00  0.1276E+01
   3.240  0.3262E+00  0.1282E+01
   3.260  0.3260E+00  0.1289E+01
   3.280  0.3256E+00  0.1295E+01
   3.300  0.3251E+00  0.1302E+01
   3.320  0.3249E+00  0.1308E+01
   3.340  0.3249E+00  0.1315E+01
   3.360  0.3247E+00  0.1321E+01
   3.380  0.3242E+00  0.1328E+01
   3.400  0.3235E+00  0.1334E+01
   3.420  0.3232E+00  0.1341E+01
   3.440  0.3227E+00  0.1347E+01
   3.460  0.3216E+00  0.1354E+01
   3.480  0.3201E+00  0.1360E+01
   3.500  0.3181E+00  0.1367E+01
   3.520  0.3169E+00  0.1373E+01
   3.540  0.3158E+00  0.1379E+01
   3.560  0.3164E+00  0.1386E+01
   3.580  0.3158E+00  0.1392E+01
   3.600  0.3147E+00  0.1398E+01
   3.620  0.3132E+00  0.1405E+01
   3.640  0.3113E+00  0.1411E+01
   3.660  0.3090E+00  0.1417E+01
   3.680  0.3067E+00  0.1423E+01
   3.700  0.3048E+00  0.1429E+01
   3.720  0.3033E+00  0.1435E+01
   3.740  0.3022E+00  0.1441E+01
   3.760  0.3010E+00  0.1447E+01
   3.780  0.3001E+00  0.1453E+01
   3.800  0.2997E+00  0.1459E+01
   3.820  0.2996E+00  0.1465E+01
   3.840  0.2995E+00  0.1471E+01
   3.860  0.2995E+00  0.1477E+01
   3.880  0.3001E+00  0.1483E+01
   3.900  0.3004E+00  0.1489E+01
   3.920  0.3011E+00  0.1495E+01
   3.940  0.3027E+00  0.1501E+01
   3.960  0.3048E+00  0.1508E+01
   3.980  0.3072E+00  0.1514E+01
   4.000  0.3096E+00  0.1520E+01
   4.020  0.3120E+00  0.1526E+01
   4.040  0.3145E+00  0.1532E+01
   4.060  0.3167E+00  0.1539E+01
   4.080  0.3191E+00  0.1545E+01
   4.100  0.3210E+00  0.1551E+01
   4.120  0.3223E+00  0.1558E+01
   4.140  0.3231E+00  0.1564E+01
   4.160  0.3235E+00  0.1571E+01
   4.180  0.3235E+00  0.1577E+01
   4.200  0.3240E+00  0.1584E+01
   4.220  0.3248E+00  0.1590E+01
   4.240  0.3256E+00  0.1597E+01
   4.260  0.3272E+00  0.1603E+01
   4.280  0.3295E+00  0.1610E+01
   4.300  0.3305E+00  0.1616E+01
   4.320  0.3313E+00  0.1623E+01
   4.340  0.3321E+00  0.1630E+01
   4.360  0.3329E+00  0.1636E+01
   4.380  0.3337E+00  0.1643E+01
   4.400  0.3345E+00  0.1650E+01
   4.420  0.3353E+00  0.1656E+01
   4.440  0.3360E+00  0.1663E+01
   4.460  0.3367E+00  0.1670E+01
   4.480  0.3382E+00  0.1676E+01
   4.500  0.3404E+00  0.1683E+01
   4.520  0.3409E+00  0.1690E+01
   4.540  0.3423E+00  0.1697E+01
   4.560  0.3445E+00  0.1704E+01
   4.580  0.3468E+00  0.1711E+01
   4.600  0.3492E+00  0.1718E+01
   4.620  0.3512E+00  0.1725E+01
   4.640  0.3534E+00  0.1732E+01
   4.660  0.3558E+00  0.1739E+01
   4.680  0.3584E+00  0.1746E+01
   4.700  0.3611E+00  0.1753E+01
   4.720  0.3641E+00  0.1760E+01
   4.740  0.3674E+00  0.1768E+01
   4.760  0.3707E+00  0.1775E+01
   4.780  0.3735E+00  0.1783E+01
   4.800  0.3757E+00  0.1790E+01
   4.820  0.3775E+00  0.1798E+01
   4.840  0.3790E+00  0.1805E+01
   4.860  0.3807E+00  0.1813E+01
   4.880  0.3818E+00  0.1820E+01
   4.900  0.3823E+00  0.1828E+01
   4.920  0.3830E+00  0.1836E+01
   4.940  0.3836E+00  0.1843E+01
   4.960  0.3837E+00  0.1851E+01
   4.980  0.3838E+00  0.1859E+01
   5.000  0.3838E+00  0.1866E+01
   5.020  0.3839E+00  0.1874E+01
   5.040  0.3825E+00  0.1882E+01
   5.060  0.3825E+00  0.1889E+01
   5.080  0.3824E+00  0.1897E+01
   5.100  0.3822E+00  0.1905E+01
   5.120  0.3821E+00  0.1912E+01
   5.140  0.3819E+00  0.1920E+01
   5.160  0.3820E+00  0.1928E+01
   5.180  0.3815E+00  0.1935E+01
   5.200  0.3813E+00  0.1943E+01
   5.220  0.3816E+00  0.1950E+01
   5.240  0.3819E+00  0.1958E+01
   5.260  0.3823E+00  0.1966E+01
   5.280  0.3827E+00  0.1973E+01
   5.300  0.3819E+00  0.1981E+01
   5.320  0.3804E+00  0.1989E+01
   5.340  0.3789E+00  0.1996E+01
   5.360  0.3779E+00  0.2004E+01
   5.380  0.3777E+00  0.2011E+01
   5.400  0.3790E+00  0.2019E+01
   5.420  0.3779E+00  0.2026E+01
   5.440  0.3766E+00  0.2034E+01
   5.460  0.3751E+00  0.2042E+01
   5.480  0.3733E+00  0.2049E+01
   5.500  0.3723E+00  0.2056E+01
   5.520  0.3720E+00  0.2064E+01
   5.540  0.3713E+00  0.2071E+01
   5.560  0.3711E+00  0.2079E+01
   5.580  0.3710E+00  0.2086E+01
   5.600  0.3709E+00  0.2094E+01
   5.620  0.3704E+00  0.2101E+01
   5.640  0.3679E+00  0.2108E+01
   5.660  0.3663E+00  0.2116E+01
   5.680  0.3669E+00  0.2123E+01
   5.700  0.3676E+00  0.2130E+01
   5.720  0.3676E+00  0.2138E+01
   5.740  0.3644E+00  0.2145E+01
   5.760  0.3625E+00  0.2152E+01
   5.780  0.3608E+00  0.2160E+01
   5.800  0.3595E+00  0.2167E+01
   5.820  0.3570E+00  0.2174E+01
   5.840  0.3521E+00  0.2181E+01
   5.860  0.3464E+00  0.2188E+01
   5.880  0.3453E+00  0.2195E+01
   5.900  0.3454E+00  0.2202E+01
   5.920  0.3457E+00  0.2209E+01
   5.940  0.3462E+00  0.2216E+01
   5.960  0.3467E+00  0.2223E+01
   5.980  0.3472E+00  0.2230E+01
   6.000  0.3465E+00  0.2237E+01
   6.020  0.3437E+00  0.2243E+01
   6.040  0.3397E+00  0.2250E+01
   6.060  0.3348E+00  0.2257E+01
   6.080  0.3293E+00  0.2264E+01
   6.100  0.3228E+00  0.2270E+01
   6.120  0.3191E+00  0.2277E+01
   6.140  0.3172E+00  0.2283E+01
   6.160  0.3157E+00  0.2289E+01
   6.180  0.3146E+00  0.2296E+01
   6.200  0.3138E+00  0.2302E+01
   6.220  0.3125E+00  0.2308E+01
   6.240  0.3123E+00  0.2314E+01
   6.260  0.3130E+00  0.2321E+01
   6.280  0.3145E+00  0.2327E+01
   6.300  0.3167E+00  0.2333E+01
   6.320  0.3186E+00  0.2340E+01
   6.340  0.3208E+00  0.2346E+01
   6.360  0.3235E+00  0.2352E+01
   6.380  0.3256E+00  0.2359E+01
   6.400  0.3277E+00  0.2365E+01
   6.420  0.3298E+00  0.2372E+01
   6.440  0.3320E+00  0.2379E+01
   6.460  0.3344E+00  0.2385E+01
   6.480  0.3370E+00  0.2392E+01
   6.500  0.3399E+00  0.2399E+01
   6.520  0.3436E+00  0.2406E+01
   6.540  0.3473E+00  0.2412E+01
   6.560  0.3466E+00  0.2419E+01
   6.580  0.3410E+00  0.2426E+01
   6.600  0.3417E+00  0.2433E+01
   6.620  0.3457E+00  0.2440E+01
   6.640  0.3503E+00  0.2447E+01
   6.660  0.3556E+00  0.2454E+01
   6.680  0.3615E+00  0.2461E+01
   6.700  0.3684E+00  0.2468E+01
   6.720  0.3727E+00  0.2476E+01
   6.740  0.3747E+00  0.2483E+01
   6.760  0.3766E+00  0.2491E+01
   6.780  0.3800E+00  0.2498E+01
   6.800  0.3828E+00  0.2506E+01
   6.820  0.3856E+00  0.2514E+01
   6.840  0.3882E+00  0.2522E+01
   6.860  0.3908E+00  0.2529E+01
   6.880  0.3933E+00  0.2537E+01
   6.900  0.3957E+00  0.2545E+01
   6.920  0.3979E+00  0.2553E+01
   6.940  0.3996E+00  0.2561E+01
   6.960  0.3992E+00  0.2569E+01
   6.980  0.3994E+00  0.2577E+01
   7.000  0.4002E+00  0.2585E+01
   7.020  0.4021E+00  0.2593E+01
   7.040  0.4045E+00  0.2601E+01
   7.060  0.4063E+00  0.2609E+01
   7.080  0.4080E+00  0.2617E+01
   7.100  0.4097E+00  0.2625E+01
   7.120  0.4115E+00  0.2634E+01
   7.140  0.4134E+00  0.2642E+01
   7.160  0.4152E+00  0.2650E+01
   7.180  0.4171E+00  0.2658E+01
   7.200  0.4207E+00  0.2667E+01
   7.220  0.4274E+00  0.2675E+01
   7.240  0.4378E+00  0.2684E+01
   7.260  0.4557E+00  0.2693E+01
   7.280  0.4223E+00  0.2702E+01
   7.300  0.4195E+00  0.2710E+01
   7.320  0.4158E+00  0.2719E+01
   7.340  0.4115E+00  0.2727E+01
   7.360  0.4073E+00  0.2735E+01
   7.380  0.4042E+00  0.2743E+01
   7.400  0.4066E+00  0.2751E+01
   7.420  0.4005E+00  0.2759E+01
   7.440  0.3990E+00  0.2767E+01
   7.460  0.3968E+00  0.2775E+01
   7.480  0.3940E+00  0.2783E+01
   7.500  0.3904E+00  0.2791E+01
   7.520  0.3870E+00  0.2799E+01
   7.540  0.3837E+00  0.2806E+01
   7.560  0.3805E+00  0.2814E+01
   7.580  0.3772E+00  0.2822E+01
   7.600  0.3740E+00  0.2829E+01
   7.620  0.3707E+00  0.2837E+01
   7.640  0.3675E+00  0.2844E+01
   7.660  0.3681E+00  0.2851E+01
   7.680  0.3636E+00  0.2859E+01
   7.700  0.3601E+00  0.2866E+01
   7.720  0.3577E+00  0.2873E+01
   7.740  0.3557E+00  0.2880E+01
   7.760  0.3540E+00  0.2887E+01
   7.780  0.3537E+00  0.2894E+01
   7.800  0.3533E+00  0.2902E+01
   7.820  0.3530E+00  0.2909E+01
   7.840  0.3528E+00  0.2916E+01
   7.860  0.3528E+00  0.2923E+01
   7.880  0.3541E+00  0.2930E+01
   7.900  0.3542E+00  0.2937E+01
   7.920  0.3547E+00  0.2944E+01
   7.940  0.3557E+00  0.2951E+01
   7.960  0.3573E+00  0.2958E+01
   7.980  0.3759E+00  0.2966E+01
   8.000  0.3773E+00  0.2973E+01
   8.020  0.3782E+00  0.2981E+01
   8.040  0.3793E+00  0.2988E+01
   8.060  0.3801E+00  0.2996E+01
   8.080  0.3822E+00  0.3003E+01
   8.100  0.3877E+00  0.3011E+01
   8.120  0.3919E+00  0.3019E+01
   8.140  0.3963E+00  0.3027E+01
   8.160  0.4011E+00  0.3035E+01
   8.180  0.4065E+00  0.3043E+01
   8.200  0.4130E+00  0.3051E+01
   8.220  0.4153E+00  0.3059E+01
   8.240  0.4129E+00  0.3068E+01
   8.260  0.4122E+00  0.3076E+01
   8.280  0.4121E+00  0.3084E+01
   8.300  0.4122E+00  0.3092E+01
   8.320  0.4123E+00  0.3101E+01
   8.340  0.4125E+00  0.3109E+01
   8.360  0.4130E+00  0.3117E+01
   8.380  0.4136E+00  0.3125E+01
   8.400  0.4143E+00  0.3134E+01
   8.420  0.4150E+00  0.3142E+01
   8.440  0.4158E+00  0.3150E+01
   8.460  0.4181E+00  0.3159E+01
   8.480  0.4212E+00  0.3167E+01
   8.500  0.4229E+00  0.3175E+01
   8.520  0.4241E+00  0.3184E+01
   8.540  0.4246E+00  0.3192E+01
   8.560  0.4243E+00  0.3201E+01
   8.580  0.4232E+00  0.3209E+01
   8.600  0.4213E+00  0.3218E+01
   8.620  0.4207E+00  0.3226E+01
   8.640  0.4204E+00  0.3235E+01
   8.660  0.4202E+00  0.3243E+01
   8.680  0.4201E+00  0.3251E+01
   8.700  0.4200E+00  0.3260E+01
   8.720  0.4200E+00  0.3268E+01
   8.740  0.4201E+00  0.3277E+01
   8.760  0.4203E+00  0.3285E+01
   8.780  0.4203E+00  0.3293E+01
   8.800  0.4198E+00  0.3302E+01
   8.820  0.4198E+00  0.3310E+01
   8.840  0.4205E+00  0.3319E+01
   8.860  0.4208E+00  0.3327E+01
   8.880  0.4208E+00  0.3336E+01
   8.900  0.4209E+00  0.3344E+01
   8.920  0.4213E+00  0.3352E+01
   8.940  0.4221E+00  0.3361E+01
   8.960  0.4232E+00  0.3369E+01
   8.980  0.4248E+00  0.3378E+01
   9.000  0.4279E+00  0.3386E+01
   9.020  0.4290E+00  0.3395E+01
   9.040  0.4297E+00  0.3403E+01
   9.060  0.4330E+00  0.3412E+01
   9.080  0.4327E+00  0.3421E+01
   9.100  0.4280E+00  0.3429E+01
   9.120  0.4261E+00  0.3438E+01
   9.140  0.4253E+00  0.3446E+01
   9.160  0.4248E+00  0.3455E+01
   9.180  0.4244E+00  0.3463E+01
   9.200  0.4244E+00  0.3472E+01
   9.220  0.4242E+00  0.3480E+01
   9.240  0.4241E+00  0.3489E+01
   9.260  0.4239E+00  0.3497E+01
   9.280  0.4236E+00  0.3506E+01
   9.300  0.4238E+00  0.3514E+01
   9.320  0.4224E+00  0.3523E+01
   9.340  0.4222E+00  0.3531E+01
   9.360  0.4223E+00  0.3540E+01
   9.380  0.4227E+00  0.3548E+01
   9.400  0.4230E+00  0.3557E+01
   9.420  0.4228E+00  0.3565E+01
   9.440  0.4224E+00  0.3573E+01
   9.460  0.4217E+00  0.3582E+01
   9.480  0.4212E+00  0.3590E+01
   9.500  0.4211E+00  0.3599E+01
   9.520  0.4213E+00  0.3607E+01
   9.540  0.4216E+00  0.3616E+01
   9.560  0.4219E+00  0.3624E+01
   9.580  0.4226E+00  0.3632E+01
   9.600  0.4340E+00  0.3641E+01
   9.620  0.4351E+00  0.3650E+01
   9.640  0.4343E+00  0.3658E+01
   9.660  0.4337E+00  0.3667E+01
   9.680  0.4333E+00  0.3676E+01
   9.700  0.4319E+00  0.3684E+01
   9.720  0.4308E+00  0.3693E+01
   9.740  0.4300E+00  0.3702E+01
   9.760  0.4308E+00  0.3710E+01
   9.780  0.4308E+00  0.3719E+01
   9.800  0.4316E+00  0.3728E+01
   9.820  0.4325E+00  0.3736E+01
   9.840  0.4335E+00  0.3745E+01
   9.860  0.4328E+00  0.3753E+01
   9.880  0.4329E+00  0.3762E+01
   9.900  0.4337E+00  0.3771E+01
   9.920  0.4346E+00  0.3779E+01
   9.940  0.4355E+00  0.3788E+01
   9.960  0.4364E+00  0.3797E+01
   9.980  0.4374E+00  0.3806E+01
  10.000  0.4385E+00  0.3814E+01
  10.020  0.4397E+00  0.3823E+01
  10.040  0.4410E+00  0.3832E+01
  10.060  0.4424E+00  0.3841E+01
  10.080  0.4418E+00  0.3850E+01
  10.100  0.4420E+00  0.3858E+01
  10.120  0.4417E+00  0.3867E+01
  10.140  0.4423E+00  0.3876E+01
  10.160  0.4431E+00  0.3885E+01
  10.180  0.4437E+00  0.3894E+01
  10.200  0.4443E+00  0.3903E+01
  10.220  0.4451E+00  0.3912E+01
  10.240  0.4467E+00  0.3921E+01
  10.260  0.4482E+00  0.3930E+01
  10.280  0.4495E+00  0.3939E+01
  10.300  0.4514E+00  0.3948E+01
  10.320  0.4530E+00  0.3957E+01
  10.340  0.4540E+00  0.3966E+01
  10.360  0.4544E+00  0.3975E+01
  10.380  0.4544E+00  0.3984E+01
  10.400  0.4551E+00  0.3993E+01
  10.420  0.4557E+00  0.4002E+01
  10.440  0.4553E+00  0.4011E+01
  10.460  0.4578E+00  0.4020E+01
  10.480  0.4597E+00  0.4029E+01
  10.500  0.4570E+00  0.4039E+01
  10.520  0.4558E+00  0.4048E+01
  10.540  0.4531E+00  0.4057E+01
  10.560  0.4529E+00  0.4066E+01
  10.580  0.4529E+00  0.4075E+01
  10.600  0.4532E+00  0.4084E+01
  10.620  0.4537E+00  0.4093E+01
  10.640  0.4544E+00  0.4102E+01
  10.660  0.4550E+00  0.4111E+01
  10.680  0.4556E+00  0.4120E+01
  10.700  0.4563E+00  0.4129E+01
  10.720  0.4569E+00  0.4139E+01
  10.740  0.4575E+00  0.4148E+01
  10.760  0.4583E+00  0.4157E+01
  10.780  0.4596E+00  0.4166E+01
  10.800  0.4611E+00  0.4175E+01
  10.820  0.4625E+00  0.4185E+01
  10.840  0.4633E+00  0.4194E+01
  10.860  0.4610E+00  0.4203E+01
  10.880  0.4613E+00  0.4212E+01
  10.900  0.4616E+00  0.4221E+01
  10.920  0.4620E+00  0.4231E+01
  10.940  0.4625E+00  0.4240E+01
  10.960  0.4631E+00  0.4249E+01
  10.980  0.4636E+00  0.4258E+01
  11.000  0.4641E+00  0.4268E+01
  11.020  0.4647E+00  0.4277E+01
  11.040  0.4653E+00  0.4286E+01
  11.060  0.4661E+00  0.4296E+01
  11.080  0.4666E+00  0.4305E+01
  11.100  0.4666E+00  0.4314E+01
  11.120  0.4659E+00  0.4324E+01
  11.140  0.4659E+00  0.4333E+01
  11.160  0.4664E+00  0.4342E+01
  11.180  0.4678E+00  0.4352E+01
  11.200  0.4690E+00  0.4361E+01
  11.220  0.4700E+00  0.4370E+01
  11.240  0.4708E+00  0.4380E+01
  11.260  0.4714E+00  0.4389E+01
  11.280  0.4724E+00  0.4399E+01
  11.300  0.4738E+00  0.4408E+01
  11.320  0.4736E+00  0.4418E+01
  11.340  0.4713E+00  0.4427E+01
  11.360  0.4701E+00  0.4436E+01
  11.380  0.4696E+00  0.4446E+01
  11.400  0.4701E+00  0.4455E+01
  11.420  0.4710E+00  0.4465E+01
  11.440  0.4719E+00  0.4474E+01
  11.460  0.4728E+00  0.4484E+01
  11.480  0.4737E+00  0.4493E+01
  11.500  0.4747E+00  0.4502E+01
  11.520  0.4760E+00  0.4512E+01
  11.540  0.4774E+00  0.4522E+01
  11.560  0.4813E+00  0.4531E+01
  11.580  0.4807E+00  0.4541E+01
  11.600  0.4797E+00  0.4550E+01
  11.620  0.4803E+00  0.4560E+01
  11.640  0.4810E+00  0.4570E+01
  11.660  0.4816E+00  0.4579E+01
  11.680  0.4825E+00  0.4589E+01
  11.700  0.4833E+00  0.4598E+01
  11.720  0.4842E+00  0.4608E+01
  11.740  0.4850E+00  0.4618E+01
  11.760  0.4857E+00  0.4628E+01
  11.780  0.4863E+00  0.4637E+01
  11.800  0.4868E+00  0.4647E+01
  11.820  0.4873E+00  0.4657E+01
  11.840  0.4878E+00  0.4667E+01
  11.860  0.4886E+00  0.4676E+01
  11.880  0.4890E+00  0.4686E+01
  11.900  0.4891E+00  0.4696E+01
  11.920  0.4889E+00  0.4706E+01
  11.940  0.4893E+00  0.4715E+01
  11.960  0.4899E+00  0.4725E+01
  11.980  0.4904E+00  0.4735E+01
  12.000  0.4908E+00  0.4745E+01
  12.020  0.4911E+00  0.4755E+01
  12.040  0.4915E+00  0.4764E+01
  12.060  0.4918E+00  0.4774E+01
  12.080  0.4921E+00  0.4784E+01
  12.100  0.4925E+00  0.4794E+01
  12.120  0.4931E+00  0.4804E+01
  12.140  0.4947E+00  0.4814E+01
  12.160  0.4962E+00  0.4824E+01
  12.180  0.4971E+00  0.4834E+01
  12.200  0.4974E+00  0.4843E+01
  12.220  0.4975E+00  0.4853E+01
  12.240  0.4985E+00  0.4863E+01
  12.260  0.5008E+00  0.4873E+01
  12.280  0.5007E+00  0.4883E+01
  12.300  0.5005E+00  0.4893E+01
  12.320  0.5006E+00  0.4903E+01
  12.340  0.5009E+00  0.4913E+01
  12.360  0.5014E+00  0.4923E+01
  12.380  0.5021E+00  0.4933E+01
  12.400  0.5038E+00  0.4944E+01
  12.420  0.5051E+00  0.4954E+01
  12.440  0.5061E+00  0.4964E+01
  12.460  0.5076E+00  0.4974E+01
  12.480  0.5093E+00  0.4984E+01
  12.500  0.5080E+00  0.4994E+01
  12.520  0.5072E+00  0.5004E+01
  12.540  0.5068E+00  0.5015E+01
  12.560  0.5070E+00  0.5025E+01
  12.580  0.5073E+00  0.5035E+01
  12.600  0.5075E+00  0.5045E+01
  12.620  0.5077E+00  0.5055E+01
  12.640  0.5082E+00  0.5065E+01
  12.660  0.5086E+00  0.5075E+01
  12.680  0.5096E+00  0.5086E+01
  12.700  0.5109E+00  0.5096E+01
  12.720  0.5120E+00  0.5106E+01
  12.740  0.5127E+00  0.5116E+01
  12.760  0.5131E+00  0.5127E+01
  12.780  0.5134E+00  0.5137E+01
  12.800  0.5137E+00  0.5147E+01
  12.820  0.5147E+00  0.5157E+01
  12.840  0.5161E+00  0.5168E+01
  12.860  0.5152E+00  0.5178E+01
  12.880  0.5158E+00  0.5188E+01
  12.900  0.5166E+00  0.5199E+01
  12.920  0.5174E+00  0.5209E+01
  12.940  0.5182E+00  0.5219E+01
  12.960  0.5190E+00  0.5230E+01
  12.980  0.5197E+00  0.5240E+01
  13.000  0.5207E+00  0.5250E+01
  13.020  0.5217E+00  0.5261E+01
  13.040  0.5226E+00  0.5271E+01
  13.060  0.5235E+00  0.5282E+01
  13.080  0.5246E+00  0.5292E+01
  13.100  0.5287E+00  0.5303E+01
  13.120  0.5343E+00  0.5313E+01
  13.140  0.5373E+00  0.5324E+01
  13.160  0.5399E+00  0.5335E+01
  13.180  0.5424E+00  0.5346E+01
  13.200  0.5451E+00  0.5357E+01
  13.220  0.5520E+00  0.5368E+01
  13.240  0.5534E+00  0.5379E+01
  13.260  0.5545E+00  0.5390E+01
  13.280  0.5569E+00  0.5401E+01
  13.300  0.5596E+00  0.5412E+01
  13.320  0.5622E+00  0.5423E+01
  13.340  0.5647E+00  0.5435E+01
  13.360  0.5671E+00  0.5446E+01
  13.380  0.5694E+00  0.5457E+01
  13.400  0.5721E+00  0.5469E+01
  13.420  0.5770E+00  0.5480E+01
  13.440  0.5795E+00  0.5492E+01
  13.460  0.5815E+00  0.5503E+01
  13.480  0.5838E+00  0.5515E+01
  13.500  0.5861E+00  0.5527E+01
  13.520  0.5885E+00  0.5538E+01
  13.540  0.5909E+00  0.5550E+01
  13.560  0.5932E+00  0.5562E+01
  13.580  0.5955E+00  0.5574E+01
  13.600  0.5977E+00  0.5586E+01
  13.620  0.5998E+00  0.5598E+01
  13.640  0.6018E+00  0.5610E+01
  13.660  0.6038E+00  0.5622E+01
  13.680  0.6062E+00  0.5634E+01
  13.700  0.6117E+00  0.5646E+01
  13.720  0.6201E+00  0.5658E+01
  13.740  0.6120E+00  0.5671E+01
  13.760  0.6081E+00  0.5683E+01
  13.780  0.6047E+00  0.5695E+01
  13.800  0.6024E+00  0.5707E+01
  13.820  0.5997E+00  0.5719E+01
  13.840  0.5936E+00  0.5731E+01
  13.860  0.5925E+00  0.5743E+01
  13.880  0.5912E+00  0.5755E+01
  13.900  0.5897E+00  0.5767E+01
  13.920  0.5880E+00  0.5778E+01
  13.940  0.5861E+00  0.5790E+01
  13.960  0.5842E+00  0.5802E+01
  13.980  0.5820E+00  0.5814E+01
  14.000  0.5796E+00  0.5825E+01
  14.020  0.5766E+00  0.5837E+01
  14.040  0.5730E+00  0.5848E+01
  14.060  0.5733E+00  0.5860E+01
  14.080  0.5735E+00  0.5871E+01
  14.100  0.5735E+00  0.5883E+01
  14.120  0.5737E+00  0.5894E+01
  14.140  0.5740E+00  0.5906E+01
  14.160  0.5737E+00  0.5917E+01
  14.180  0.5730E+00  0.5928E+01
  14.200  0.5757E+00  0.5940E+01
  14.220  0.5751E+00  0.5951E+01
  14.240  0.5712E+00  0.5963E+01
  14.260  0.5676E+00  0.5974E+01
  14.280  0.5648E+00  0.5986E+01
  14.300  0.5623E+00  0.5997E+01
  14.320  0.5599E+00  0.6008E+01
  14.340  0.5575E+00  0.6019E+01
  14.360  0.5548E+00  0.6030E+01
  14.380  0.5535E+00  0.6042E+01
  14.400  0.5523E+00  0.6053E+01
  14.420  0.5511E+00  0.6064E+01
  14.440  0.5499E+00  0.6075E+01
  14.460  0.5491E+00  0.6086E+01
  14.480  0.5482E+00  0.6097E+01
  14.500  0.5490E+00  0.6108E+01
  14.520  0.5490E+00  0.6119E+01
  14.540  0.5487E+00  0.6130E+01
  14.560  0.5482E+00  0.6140E+01
  14.580  0.5477E+00  0.6151E+01
  14.600  0.5472E+00  0.6162E+01
  14.620  0.5467E+00  0.6173E+01
  14.640  0.5462E+00  0.6184E+01
  14.660  0.5458E+00  0.6195E+01
  14.680  0.5460E+00  0.6206E+01
  14.700  0.5459E+00  0.6217E+01
  14.720  0.5453E+00  0.6228E+01
  14.740  0.5441E+00  0.6239E+01
  14.760  0.5423E+00  0.6250E+01
  14.780  0.5399E+00  0.6261E+01
  14.800  0.5382E+00  0.6271E+01
  14.820  0.5374E+00  0.6282E+01
  14.840  0.5368E+00  0.6293E+01
  14.860  0.5363E+00  0.6304E+01
  14.880  0.5362E+00  0.6314E+01
  14.900  0.5363E+00  0.6325E+01
  14.920  0.5361E+00  0.6336E+01
  14.940  0.5353E+00  0.6346E+01
  14.960  0.5342E+00  0.6357E+01
  14.980  0.5326E+00  0.6368E+01
  15.000  0.5313E+00  0.6378E+01
  15.020  0.5307E+00  0.6389E+01
  15.040  0.5302E+00  0.6400E+01
  15.060  0.5303E+00  0.6410E+01
  15.080  0.5304E+00  0.6421E+01
  15.100  0.5304E+00  0.6431E+01
  15.120  0.5305E+00  0.6442E+01
  15.140  0.5305E+00  0.6453E+01
  15.160  0.5305E+00  0.6463E+01
  15.180  0.5310E+00  0.6474E+01
  15.200  0.5309E+00  0.6485E+01
  15.220  0.5308E+00  0.6495E+01
  15.240  0.5305E+00  0.6506E+01
  15.260  0.5301E+00  0.6516E+01
  15.280  0.5294E+00  0.6527E+01
  15.300  0.5285E+00  0.6538E+01
  15.320  0.5274E+00  0.6548E+01
  15.340  0.5267E+00  0.6559E+01
  15.360  0.5261E+00  0.6569E+01
  15.380  0.5256E+00  0.6580E+01
  15.400  0.5252E+00  0.6590E+01
  15.420  0.5251E+00  0.6601E+01
  15.440  0.5251E+00  0.6611E+01
  15.460  0.5252E+00  0.6622E+01
  15.480  0.5254E+00  0.6632E+01
  15.500  0.5258E+00  0.6643E+01
  15.520  0.5263E+00  0.6653E+01
  15.540  0.5249E+00  0.6664E+01
  15.560  0.5253E+00  0.6674E+01
  15.580  0.5258E+00  0.6685E+01
  15.600  0.5264E+00  0.6695E+01
  15.620  0.5270E+00  0.6706E+01
  15.640  0.5276E+00  0.6716E+01
  15.660  0.5282E+00  0.6727E+01
  15.680  0.5289E+00  0.6737E+01
  15.700  0.5297E+00  0.6748E+01
  15.720  0.5304E+00  0.6759E+01
  15.740  0.5310E+00  0.6769E+01
  15.760  0.5315E+00  0.6780E+01
  15.780  0.5319E+00  0.6791E+01
  15.800  0.5322E+00  0.6801E+01
  15.820  0.5344E+00  0.6812E+01
  15.840  0.5345E+00  0.6823E+01
  15.860  0.5343E+00  0.6833E+01
  15.880  0.5352E+00  0.6844E+01
  15.900  0.5359E+00  0.6855E+01
  15.920  0.5357E+00  0.6865E+01
  15.940  0.5345E+00  0.6876E+01
  15.960  0.5324E+00  0.6887E+01
  15.980  0.5314E+00  0.6897E+01
  16.000  0.5307E+00  0.6908E+01
  16.020  0.5300E+00  0.6919E+01
  16.040  0.5292E+00  0.6929E+01
  16.060  0.5285E+00  0.6940E+01
  16.080  0.5279E+00  0.6950E+01
  16.100  0.5273E+00  0.6961E+01
  16.120  0.5274E+00  0.6971E+01
  16.140  0.5276E+00  0.6982E+01
  16.160  0.5279E+00  0.6993E+01
  16.180  0.5283E+00  0.7003E+01
  16.200  0.5293E+00  0.7014E+01
  16.220  0.5320E+00  0.7024E+01
  16.240  0.5331E+00  0.7035E+01
  16.260  0.5338E+00  0.7046E+01
  16.280  0.5339E+00  0.7056E+01
  16.300  0.5335E+00  0.7067E+01
  16.320  0.5329E+00  0.7078E+01
  16.340  0.5323E+00  0.7088E+01
  16.360  0.5317E+00  0.7099E+01
  16.380  0.5314E+00  0.7110E+01
  16.400  0.5312E+00  0.7120E+01
  16.420  0.5312E+00  0.7131E+01
  16.440  0.5312E+00  0.7141E+01
  16.460  0.5313E+00  0.7152E+01
  16.480  0.5313E+00  0.7163E+01
  16.500  0.5314E+00  0.7173E+01
  16.520  0.5314E+00  0.7184E+01
  16.540  0.5314E+00  0.7195E+01
  16.560  0.5314E+00  0.7205E+01
  16.580  0.5315E+00  0.7216E+01
  16.600  0.5317E+00  0.7226E+01
  16.620  0.5320E+00  0.7237E+01
  16.640  0.5323E+00  0.7248E+01
  16.660  0.5327E+00  0.7258E+01
  16.680  0.5369E+00  0.7269E+01
  16.700  0.5365E+00  0.7280E+01
  16.720  0.5338E+00  0.7290E+01
  16.740  0.5339E+00  0.7301E+01
  16.760  0.5339E+00  0.7312E+01
  16.780  0.5336E+00  0.7323E+01
  16.800  0.5330E+00  0.7333E+01
  16.820  0.5323E+00  0.7344E+01
  16.840  0.5318E+00  0.7354E+01
  16.860  0.5312E+00  0.7365E+01
  16.880  0.5305E+00  0.7376E+01
  16.900  0.5299E+00  0.7386E+01
  16.920  0.5305E+00  0.7397E+01
  16.940  0.5317E+00  0.7408E+01
  16.960  0.5317E+00  0.7418E+01
  16.980  0.5312E+00  0.7429E+01
  17.000  0.5310E+00  0.7439E+01
  17.020  0.5313E+00  0.7450E+01
  17.040  0.5320E+00  0.7461E+01
  17.060  0.5329E+00  0.7471E+01
  17.080  0.5339E+00  0.7482E+01
  17.100  0.5350E+00  0.7493E+01
  17.120  0.5361E+00  0.7503E+01
  17.140  0.5373E+00  0.7514E+01
  17.160  0.5384E+00  0.7525E+01
  17.180  0.5396E+00  0.7536E+01
  17.200  0.5408E+00  0.7546E+01
  17.220  0.5422E+00  0.7557E+01
  17.240  0.5435E+00  0.7568E+01
  17.260  0.5450E+00  0.7579E+01
  17.280  0.5463E+00  0.7590E+01
  17.300  0.5473E+00  0.7601E+01
  17.320  0.5483E+00  0.7612E+01
  17.340  0.5492E+00  0.7623E+01
  17.360  0.5500E+00  0.7634E+01
  17.380  0.5510E+00  0.7645E+01
  17.400  0.5515E+00  0.7656E+01
  17.420  0.5517E+00  0.7667E+01
  17.440  0.5518E+00  0.7678E+01
  17.460  0.5513E+00  0.7689E+01
  17.480  0.5509E+00  0.7700E+01
  17.500  0.5509E+00  0.7711E+01
  17.520  0.5514E+00  0.7722E+01
  17.540  0.5521E+00  0.7733E+01
  17.560  0.5532E+00  0.7744E+01
  17.580  0.5554E+00  0.7755E+01
  17.600  0.5576E+00  0.7766E+01
  17.620  0.5589E+00  0.7778E+01
  17.640  0.5596E+00  0.7789E+01
  17.660  0.5624E+00  0.7800E+01
  17.680  0.5632E+00  0.7811E+01
  17.700  0.5635E+00  0.7823E+01
  17.720  0.5639E+00  0.7834E+01
  17.740  0.5649E+00  0.7845E+01
  17.760  0.5655E+00  0.7856E+01
  17.780  0.5667E+00  0.7868E+01
  17.800  0.5676E+00  0.7879E+01
  17.820  0.5684E+00  0.7890E+01
  17.840  0.5691E+00  0.7902E+01
  17.860  0.5699E+00  0.7913E+01
  17.880  0.5711E+00  0.7925E+01
  17.900  0.5727E+00  0.7936E+01
  17.920  0.5747E+00  0.7947E+01
  17.940  0.5763E+00  0.7959E+01
  17.960  0.5755E+00  0.7971E+01
  17.980  0.5728E+00  0.7982E+01
  18.000  0.5721E+00  0.7993E+01
  18.020  0.5722E+00  0.8005E+01
  18.040  0.5706E+00  0.8016E+01
  18.060  0.5666E+00  0.8028E+01
  18.080  0.5661E+00  0.8039E+01
  18.100  0.5659E+00  0.8050E+01
  18.120  0.5658E+00  0.8062E+01
  18.140  0.5657E+00  0.8073E+01
  18.160  0.5659E+00  0.8084E+01
  18.180  0.5660E+00  0.8096E+01
  18.200  0.5659E+00  0.8107E+01
  18.220  0.5659E+00  0.8118E+01
  18.240  0.5660E+00  0.8130E+01
  18.260  0.5661E+00  0.8141E+01
  18.280  0.5663E+00  0.8152E+01
  18.300  0.5665E+00  0.8164E+01
  18.320  0.5670E+00  0.8175E+01
  18.340  0.5727E+00  0.8186E+01
  18.360  0.5674E+00  0.8198E+01
  18.380  0.5677E+00  0.8209E+01
  18.400  0.5679E+00  0.8221E+01
  18.420  0.5681E+00  0.8232E+01
  18.440  0.5690E+00  0.8243E+01
  18.460  0.5704E+00  0.8255E+01
  18.480  0.5718E+00  0.8266E+01
  18.500  0.5736E+00  0.8278E+01
  18.520  0.5751E+00  0.8289E+01
  18.540  0.5767E+00  0.8301E+01
  18.560  0.5781E+00  0.8312E+01
  18.580  0.5795E+00  0.8324E+01
  18.600  0.5811E+00  0.8335E+01
  18.620  0.5828E+00  0.8347E+01
  18.640  0.5844E+00  0.8359E+01
  18.660  0.5835E+00  0.8370E+01
  18.680  0.5850E+00  0.8382E+01
  18.700  0.5857E+00  0.8394E+01
  18.720  0.5859E+00  0.8405E+01
  18.740  0.5857E+00  0.8417E+01
  18.760  0.5851E+00  0.8429E+01
  18.780  0.5852E+00  0.8441E+01
  18.800  0.5861E+00  0.8452E+01
  18.820  0.5870E+00  0.8464E+01
  18.840  0.5921E+00  0.8476E+01
  18.860  0.5990E+00  0.8488E+01
  18.880  0.5923E+00  0.8500E+01
  18.900  0.5951E+00  0.8512E+01
  18.920  0.5982E+00  0.8523E+01
  18.940  0.6017E+00  0.8535E+01
  18.960  0.6053E+00  0.8548E+01
  18.980  0.6089E+00  0.8560E+01
  19.000  0.6125E+00  0.8572E+01
  19.020  0.6161E+00  0.8584E+01
  19.040  0.6195E+00  0.8597E+01
  19.060  0.6226E+00  0.8609E+01
  19.080  0.6257E+00  0.8621E+01
  19.100  0.6288E+00  0.8634E+01
  19.120  0.6320E+00  0.8647E+01
  19.140  0.6351E+00  0.8659E+01
  19.160  0.6382E+00  0.8672E+01
  19.180  0.6412E+00  0.8685E+01
  19.200  0.6430E+00  0.8698E+01
  19.220  0.6446E+00  0.8711E+01
  19.240  0.6460E+00  0.8723E+01
  19.260  0.6550E+00  0.8736E+01
  19.280  0.6473E+00  0.8749E+01
  19.300  0.6487E+00  0.8762E+01
  19.320  0.6506E+00  0.8775E+01
  19.340  0.6532E+00  0.8788E+01
  19.360  0.6565E+00  0.8802E+01
  19.380  0.6605E+00  0.8815E+01
  19.400  0.6662E+00  0.8828E+01
  19.420  0.6719E+00  0.8841E+01
  19.440  0.6767E+00  0.8855E+01
  19.460  0.6810E+00  0.8868E+01
  19.480  0.6853E+00  0.8882E+01
  19.500  0.6881E+00  0.8896E+01
  19.520  0.6870E+00  0.8910E+01
  19.540  0.6881E+00  0.8923E+01
  19.560  0.6908E+00  0.8937E+01
  19.580  0.6936E+00  0.8951E+01
  19.600  0.6963E+00  0.8965E+01
  19.620  0.6999E+00  0.8979E+01
  19.640  0.7038E+00  0.8993E+01
  19.660  0.7076E+00  0.9007E+01
  19.680  0.7111E+00  0.9021E+01
  19.700  0.7144E+00  0.9035E+01
  19.720  0.7175E+00  0.9050E+01
  19.740  0.7151E+00  0.9064E+01
  19.760  0.7157E+00  0.9078E+01
  19.780  0.7202E+00  0.9093E+01
  19.800  0.7276E+00  0.9107E+01
  19.820  0.7333E+00  0.9122E+01
  19.840  0.7367E+00  0.9137E+01
  19.860  0.7387E+00  0.9151E+01
  19.880  0.7408E+00  0.9166E+01
  19.900  0.7432E+00  0.9181E+01
  19.920  0.7459E+00  0.9196E+01
  19.940  0.7478E+00  0.9211E+01
  19.960  0.7488E+00  0.9226E+01
  19.980  0.7492E+00  0.9241E+01
  20.000  0.7478E+00  0.9256E+01
  20.020  0.7462E+00  0.9271E+01
  20.040  0.7457E+00  0.9286E+01
  20.060  0.7443E+00  0.9300E+01
  20.080  0.7419E+00  0.9315E+01
  20.100  0.7384E+00  0.9330E+01
  20.120  0.7327E+00  0.9345E+01
  20.140  0.7276E+00  0.9359E+01
  20.160  0.7200E+00  0.9374E+01
  20.180  0.7142E+00  0.9388E+01
  20.200  0.7099E+00  0.9402E+01
  20.220  0.7077E+00  0.9417E+01
  20.240  0.7082E+00  0.9431E+01
  20.260  0.7093E+00  0.9445E+01
  20.280  0.7135E+00  0.9459E+01
  20.300  0.7121E+00  0.9473E+01
  20.320  0.7106E+00  0.9488E+01
  20.340  0.7089E+00  0.9502E+01
  20.360  0.7070E+00  0.9516E+01
  20.380  0.7052E+00  0.9530E+01
  20.400  0.7028E+00  0.9544E+01
  20.420  0.7030E+00  0.9558E+01
  20.440  0.6956E+00  0.9572E+01
  20.460  0.6899E+00  0.9586E+01
  20.480  0.6862E+00  0.9600E+01
  20.500  0.6831E+00  0.9614E+01
  20.520  0.6816E+00  0.9627E+01
  20.540  0.6790E+00  0.9641E+01
  20.560  0.6763E+00  0.9655E+01
  20.580  0.6736E+00  0.9668E+01
  20.600  0.6710E+00  0.9681E+01
  20.620  0.6648E+00  0.9695E+01
  20.640  0.6625E+00  0.9708E+01
  20.660  0.6603E+00  0.9721E+01
  20.680  0.6581E+00  0.9734E+01
  20.700  0.6560E+00  0.9748E+01
  20.720  0.6665E+00  0.9761E+01
  20.740  0.6597E+00  0.9774E+01
  20.760  0.6479E+00  0.9787E+01
  20.780  0.6438E+00  0.9800E+01
  20.800  0.6409E+00  0.9813E+01
  20.820  0.6380E+00  0.9826E+01
  20.840  0.6359E+00  0.9839E+01
  20.860  0.6344E+00  0.9851E+01
  20.880  0.6331E+00  0.9864E+01
  20.900  0.6321E+00  0.9877E+01
  20.920  0.6312E+00  0.9889E+01
  20.940  0.6308E+00  0.9902E+01
  20.960  0.6277E+00  0.9914E+01
  20.980  0.6215E+00  0.9927E+01
  21.000  0.6199E+00  0.9939E+01
  21.020  0.6175E+00  0.9952E+01
  21.040  0.6148E+00  0.9964E+01
  21.060  0.6125E+00  0.9976E+01
  21.080  0.6104E+00  0.9989E+01
  21.100  0.6085E+00  0.1000E+02
  21.120  0.6068E+00  0.1001E+02
  21.140  0.6051E+00  0.1003E+02
  21.160  0.6032E+00  0.1004E+02
  21.180  0.6014E+00  0.1005E+02
  21.200  0.5992E+00  0.1006E+02
  21.220  0.5973E+00  0.1007E+02
  21.240  0.5943E+00  0.1009E+02
  21.260  0.5919E+00  0.1010E+02
  21.280  0.5900E+00  0.1011E+02
  21.300  0.5889E+00  0.1012E+02
  21.320  0.5882E+00  0.1013E+02
  21.340  0.5876E+00  0.1014E+02
  21.360  0.5870E+00  0.1016E+02
  21.380  0.5869E+00  0.1017E+02
  21.400  0.5867E+00  0.1018E+02
  21.420  0.5834E+00  0.1019E+02
  21.440  0.5823E+00  0.1020E+02
  21.460  0.5812E+00  0.1021E+02
  21.480  0.5802E+00  0.1023E+02
  21.500  0.5792E+00  0.1024E+02
  21.520  0.5777E+00  0.1025E+02
  21.540  0.5758E+00  0.1026E+02
  21.560  0.5743E+00  0.1027E+02
  21.580  0.5731E+00  0.1028E+02
  21.600  0.5730E+00  0.1029E+02
  21.620  0.5747E+00  0.1031E+02
  21.640  0.5754E+00  0.1032E+02
  21.660  0.5771E+00  0.1033E+02
  21.680  0.5789E+00  0.1034E+02
  21.700  0.5806E+00  0.1035E+02
  21.720  0.5822E+00  0.1036E+02
  21.740  0.5835E+00  0.1038E+02
  21.760  0.5875E+00  0.1039E+02
  21.780  0.5992E+00  0.1040E+02
  21.800  0.6034E+00  0.1041E+02
  21.820  0.6110E+00  0.1042E+02
  21.840  0.5926E+00  0.1044E+02
  21.860  0.5885E+00  0.1045E+02
  21.880  0.5863E+00  0.1046E+02
  21.900  0.5852E+00  0.1047E+02
  21.920  0.5834E+00  0.1048E+02
  21.940  0.5807E+00  0.1049E+02
  21.960  0.5780E+00  0.1051E+02
  21.980  0.5758E+00  0.1052E+02
  22.000  0.5744E+00  0.1053E+02
  22.020  0.5732E+00  0.1054E+02
  22.040  0.5723E+00  0.1055E+02
  22.060  0.5717E+00  0.1056E+02
  22.080  0.5715E+00  0.1057E+02
  22.100  0.5713E+00  0.1059E+02
  22.120  0.5709E+00  0.1060E+02
  22.140  0.5710E+00  0.1061E+02
  22.160  0.5719E+00  0.1062E+02
  22.180  0.5733E+00  0.1063E+02
  22.200  0.5750E+00  0.1064E+02
  22.220  0.5770E+00  0.1065E+02
  22.240  0.5792E+00  0.1067E+02
  22.260  0.5816E+00  0.1068E+02
  22.280  0.5841E+00  0.1069E+02
  22.300  0.5871E+00  0.1070E+02
  22.320  0.5916E+00  0.1071E+02
  22.340  0.5972E+00  0.1073E+02
  22.360  0.6048E+00  0.1074E+02
  22.380  0.6136E+00  0.1075E+02
  22.400  0.6227E+00  0.1076E+02
  22.420  0.6319E+00  0.1077E+02
  22.440  0.6416E+00  0.1079E+02
  22.460  0.6518E+00  0.1080E+02
  22.480  0.6680E+00  0.1081E+02
  22.500  0.6748E+00  0.1083E+02
  22.520  0.6866E+00  0.1084E+02
  22.540  0.6992E+00  0.1085E+02
  22.560  0.7126E+00  0.1087E+02
  22.580  0.7254E+00  0.1088E+02
  22.600  0.7378E+00  0.1090E+02
  22.620  0.7495E+00  0.1091E+02
  22.640  0.7595E+00  0.1093E+02
  22.660  0.7675E+00  0.1094E+02
  22.680  0.7738E+00  0.1096E+02
  22.700  0.7778E+00  0.1097E+02
  22.720  0.7802E+00  0.1099E+02
  22.740  0.7819E+00  0.1100E+02
  22.760  0.7841E+00  0.1102E+02
  22.780  0.7860E+00  0.1104E+02
  22.800  0.7885E+00  0.1105E+02
  22.820  0.7872E+00  0.1107E+02
  22.840  0.7894E+00  0.1108E+02
  22.860  0.7887E+00  0.1110E+02
  22.880  0.7850E+00  0.1111E+02
  22.900  0.7728E+00  0.1113E+02
  22.920  0.7631E+00  0.1115E+02
  22.940  0.7650E+00  0.1116E+02
  22.960  0.7673E+00  0.1118E+02
  22.980  0.7685E+00  0.1119E+02
  23.000  0.7717E+00  0.1121E+02
  23.020  0.7753E+00  0.1122E+02
  23.040  0.7787E+00  0.1124E+02
  23.060  0.7774E+00  0.1125E+02
  23.080  0.7764E+00  0.1127E+02
  23.100  0.7759E+00  0.1128E+02
  23.120  0.7723E+00  0.1130E+02
  23.140  0.7703E+00  0.1132E+02
  23.160  0.7670E+00  0.1133E+02
  23.180  0.7636E+00  0.1135E+02
  23.200  0.7612E+00  0.1136E+02
  23.220  0.7586E+00  0.1138E+02
  23.240  0.7558E+00  0.1139E+02
  23.260  0.7498E+00  0.1141E+02
  23.280  0.7463E+00  0.1142E+02
  23.300  0.7428E+00  0.1144E+02
  23.320  0.7393E+00  0.1145E+02
  23.340  0.7357E+00  0.1147E+02
  23.360  0.7326E+00  0.1148E+02
  23.380  0.7294E+00  0.1150E+02
  23.400  0.7185E+00  0.1151E+02
  23.420  0.7113E+00  0.1152E+02
  23.440  0.7024E+00  0.1154E+02
  23.460  0.6968E+00  0.1155E+02
  23.480  0.6763E+00  0.1157E+02
  23.500  0.6593E+00  0.1158E+02
  23.520  0.6444E+00  0.1159E+02
  23.540  0.6311E+00  0.1161E+02
  23.560  0.6196E+00  0.1162E+02
  23.580  0.6105E+00  0.1163E+02
  23.600  0.6046E+00  0.1164E+02
  23.620  0.5999E+00  0.1165E+02
  23.640  0.5959E+00  0.1167E+02
  23.660  0.5928E+00  0.1168E+02
  23.680  0.5900E+00  0.1169E+02
  23.700  0.5904E+00  0.1170E+02
  23.720  0.6002E+00  0.1171E+02
  23.740  0.6098E+00  0.1173E+02
  23.760  0.6181E+00  0.1174E+02
  23.780  0.6247E+00  0.1175E+02
  23.800  0.6314E+00  0.1176E+02
  23.820  0.6383E+00  0.1178E+02
  23.840  0.6449E+00  0.1179E+02
  23.860  0.6549E+00  0.1180E+02
  23.880  0.6655E+00  0.1181E+02
  23.900  0.6752E+00  0.1183E+02
  23.920  0.6850E+00  0.1184E+02
  23.940  0.6934E+00  0.1186E+02
  23.960  0.7037E+00  0.1187E+02
  23.980  0.7160E+00  0.1188E+02
  24.000  0.7241E+00  0.1190E+02
  24.020  0.7281E+00  0.1191E+02
  24.040  0.7279E+00  0.1193E+02
  24.060  0.7225E+00  0.1194E+02
  24.080  0.7161E+00  0.1196E+02
  24.100  0.7090E+00  0.1197E+02
  24.120  0.6998E+00  0.1198E+02
  24.140  0.6958E+00  0.1200E+02
  24.160  0.6963E+00  0.1201E+02
  24.180  0.6993E+00  0.1203E+02
  24.200  0.7025E+00  0.1204E+02
  24.220  0.7060E+00  0.1205E+02
  24.240  0.7107E+00  0.1207E+02
  24.260  0.7008E+00  0.1208E+02
  24.280  0.6929E+00  0.1210E+02
  24.300  0.6855E+00  0.1211E+02
  24.320  0.6772E+00  0.1212E+02
  24.340  0.6704E+00  0.1214E+02
  24.360  0.6637E+00  0.1215E+02
  24.380  0.6565E+00  0.1216E+02
  24.400  0.6506E+00  0.1218E+02
  24.420  0.6451E+00  0.1219E+02
  24.440  0.6394E+00  0.1220E+02
  24.460  0.6346E+00  0.1222E+02
  24.480  0.6347E+00  0.1223E+02
  24.500  0.6412E+00  0.1224E+02
  24.520  0.6425E+00  0.1225E+02
  24.540  0.6385E+00  0.1227E+02
  24.560  0.6392E+00  0.1228E+02
  24.580  0.6459E+00  0.1229E+02
  24.600  0.6539E+00  0.1231E+02
  24.620  0.6702E+00  0.1232E+02
  24.640  0.6787E+00  0.1233E+02
  24.660  0.6892E+00  0.1235E+02
  24.680  0.7040E+00  0.1236E+02
  24.700  0.7168E+00  0.1237E+02
  24.720  0.7278E+00  0.1239E+02
  24.740  0.7383E+00  0.1240E+02
  24.760  0.7505E+00  0.1242E+02
  24.780  0.7592E+00  0.1243E+02
  24.800  0.8079E+00  0.1245E+02
  24.820  0.7704E+00  0.1246E+02
  24.840  0.7743E+00  0.1248E+02
  24.860  0.7917E+00  0.1249E+02
  24.880  0.7903E+00  0.1251E+02
  24.900  0.7841E+00  0.1253E+02
  24.920  0.7876E+00  0.1254E+02
  24.940  0.7897E+00  0.1256E+02
  24.960  0.7922E+00  0.1257E+02
  24.980  0.7996E+00  0.1259E+02
  25.000  0.7961E+00  0.1261E+02
  25.020  0.7917E+00  0.1262E+02
  25.040  0.7912E+00  0.1264E+02
  25.060  0.7928E+00  0.1265E+02
  25.080  0.7954E+00  0.1267E+02
  25.100  0.7995E+00  0.1269E+02
  25.120  0.7929E+00  0.1270E+02
  25.140  0.7922E+00  0.1272E+02
  25.160  0.7904E+00  0.1273E+02
  25.180  0.7874E+00  0.1275E+02
  25.200  0.7848E+00  0.1276E+02
  25.220  0.7819E+00  0.1278E+02
  25.240  0.7770E+00  0.1280E+02
  25.260  0.7667E+00  0.1281E+02
  25.280  0.7603E+00  0.1283E+02
  25.300  0.7542E+00  0.1284E+02
  25.320  0.7483E+00  0.1286E+02
  25.340  0.7430E+00  0.1287E+02
  25.360  0.7384E+00  0.1289E+02
  25.380  0.7346E+00  0.1290E+02
  25.400  0.7313E+00  0.1292E+02
  25.420  0.7281E+00  0.1293E+02
  25.440  0.7253E+00  0.1294E+02
  25.460  0.7233E+00  0.1296E+02
  25.480  0.7235E+00  0.1297E+02
  25.500  0.7262E+00  0.1299E+02
  25.520  0.7272E+00  0.1300E+02
  25.540  0.7292E+00  0.1302E+02
  25.560  0.7209E+00  0.1303E+02
  25.580  0.7191E+00  0.1305E+02
  25.600  0.7212E+00  0.1306E+02
  25.620  0.7231E+00  0.1307E+02
  25.640  0.7257E+00  0.1309E+02
  25.660  0.7292E+00  0.1310E+02
  25.680  0.7367E+00  0.1312E+02
  25.700  0.7436E+00  0.1313E+02
  25.720  0.7524E+00  0.1315E+02
  25.740  0.7617E+00  0.1316E+02
  25.760  0.7713E+00  0.1318E+02
  25.780  0.7830E+00  0.1319E+02
  25.800  0.7955E+00  0.1321E+02
  25.820  0.7901E+00  0.1323E+02
  25.840  0.7927E+00  0.1324E+02
  25.860  0.7948E+00  0.1326E+02
  25.880  0.7954E+00  0.1327E+02
  25.900  0.7978E+00  0.1329E+02
  25.920  0.7979E+00  0.1331E+02
  25.940  0.7946E+00  0.1332E+02
  25.960  0.7900E+00  0.1334E+02
  25.980  0.7868E+00  0.1335E+02
  26.000  0.7845E+00  0.1337E+02
  26.020  0.7825E+00  0.1338E+02
  26.040  0.7749E+00  0.1340E+02
  26.060  0.7728E+00  0.1342E+02
  26.080  0.7698E+00  0.1343E+02
  26.100  0.7646E+00  0.1345E+02
  26.120  0.7605E+00  0.1346E+02
  26.140  0.7579E+00  0.1348E+02
  26.160  0.7523E+00  0.1349E+02
  26.180  0.7446E+00  0.1351E+02
  26.200  0.7417E+00  0.1352E+02
  26.220  0.7387E+00  0.1354E+02
  26.240  0.7359E+00  0.1355E+02
  26.260  0.7337E+00  0.1357E+02
  26.280  0.7319E+00  0.1358E+02
  26.300  0.7301E+00  0.1360E+02
  26.320  0.7296E+00  0.1361E+02
  26.340  0.7307E+00  0.1362E+02
  26.360  0.7337E+00  0.1364E+02
  26.380  0.7371E+00  0.1365E+02
  26.400  0.7397E+00  0.1367E+02
  26.420  0.7422E+00  0.1368E+02
  26.440  0.7442E+00  0.1370E+02
  26.460  0.7458E+00  0.1371E+02
  26.480  0.7469E+00  0.1373E+02
  26.500  0.7477E+00  0.1374E+02
  26.520  0.7493E+00  0.1376E+02
  26.540  0.7513E+00  0.1377E+02
  26.560  0.7486E+00  0.1379E+02
  26.580  0.7491E+00  0.1380E+02
  26.600  0.7505E+00  0.1382E+02
  26.620  0.7523E+00  0.1383E+02
  26.640  0.7543E+00  0.1385E+02
  26.660  0.7577E+00  0.1386E+02
  26.680  0.7594E+00  0.1388E+02
  26.700  0.7604E+00  0.1389E+02
  26.720  0.7573E+00  0.1391E+02
  26.740  0.7530E+00  0.1392E+02
  26.760  0.7479E+00  0.1394E+02
  26.780  0.7430E+00  0.1395E+02
  26.800  0.7369E+00  0.1397E+02
  26.820  0.7313E+00  0.1398E+02
  26.840  0.7285E+00  0.1400E+02
  26.860  0.7277E+00  0.1401E+02
  26.880  0.7280E+00  0.1403E+02
  26.900  0.7289E+00  0.1404E+02
  26.920  0.7293E+00  0.1406E+02
  26.940  0.7295E+00  0.1407E+02
  26.960  0.7297E+00  0.1409E+02
  26.980  0.7296E+00  0.1410E+02
  27.000  0.7297E+00  0.1411E+02
  27.020  0.7288E+00  0.1413E+02
  27.040  0.7258E+00  0.1414E+02
  27.060  0.7234E+00  0.1416E+02
  27.080  0.7191E+00  0.1417E+02
  27.100  0.7184E+00  0.1419E+02
  27.120  0.7106E+00  0.1420E+02
  27.140  0.7099E+00  0.1422E+02
  27.160  0.7143E+00  0.1423E+02
  27.180  0.7208E+00  0.1424E+02
  27.200  0.7291E+00  0.1426E+02
  27.220  0.7323E+00  0.1427E+02
  27.240  0.7333E+00  0.1429E+02
  27.260  0.7338E+00  0.1430E+02
  27.280  0.7343E+00  0.1432E+02
  27.300  0.7346E+00  0.1433E+02
  27.320  0.7349E+00  0.1435E+02
  27.340  0.7351E+00  0.1436E+02
  27.360  0.7355E+00  0.1438E+02
  27.380  0.7357E+00  0.1439E+02
  27.400  0.7354E+00  0.1441E+02
  27.420  0.7374E+00  0.1442E+02
  27.440  0.7334E+00  0.1443E+02
  27.460  0.7303E+00  0.1445E+02
  27.480  0.7263E+00  0.1446E+02
  27.500  0.7225E+00  0.1448E+02
  27.520  0.7185E+00  0.1449E+02
  27.540  0.7151E+00  0.1451E+02
  27.560  0.7110E+00  0.1452E+02
  27.580  0.7068E+00  0.1454E+02
  27.600  0.7029E+00  0.1455E+02
  27.620  0.6994E+00  0.1456E+02
  27.640  0.6966E+00  0.1458E+02
  27.660  0.6945E+00  0.1459E+02
  27.680  0.6927E+00  0.1461E+02
  27.700  0.6883E+00  0.1462E+02
  27.720  0.6864E+00  0.1463E+02
  27.740  0.6853E+00  0.1465E+02
  27.760  0.6850E+00  0.1466E+02
  27.780  0.6865E+00  0.1467E+02
  27.800  0.6942E+00  0.1469E+02
  27.820  0.7014E+00  0.1470E+02
  27.840  0.7061E+00  0.1472E+02
  27.860  0.7086E+00  0.1473E+02
  27.880  0.7080E+00  0.1474E+02
  27.900  0.7042E+00  0.1476E+02
  27.920  0.7017E+00  0.1477E+02
  27.940  0.7017E+00  0.1479E+02
  27.960  0.7012E+00  0.1480E+02
  27.980  0.7002E+00  0.1481E+02
  28.000  0.6990E+00  0.1483E+02
  28.020  0.6983E+00  0.1484E+02
  28.040  0.7011E+00  0.1486E+02
  28.060  0.7198E+00  0.1487E+02
  28.080  0.7197E+00  0.1489E+02
  28.100  0.7294E+00  0.1490E+02
  28.120  0.7470E+00  0.1491E+02
  28.140  0.7623E+00  0.1493E+02
  28.160  0.7744E+00  0.1494E+02
  28.180  0.7870E+00  0.1496E+02
  28.200  0.7986E+00  0.1498E+02
  28.220  0.8072E+00  0.1499E+02
  28.240  0.8106E+00  0.1501E+02
  28.260  0.8149E+00  0.1502E+02
  28.280  0.8235E+00  0.1504E+02
  28.300  0.8317E+00  0.1506E+02
  28.320  0.8382E+00  0.1507E+02
  28.340  0.8450E+00  0.1509E+02
  28.360  0.8493E+00  0.1511E+02
  28.380  0.8509E+00  0.1513E+02
  28.400  0.8534E+00  0.1514E+02
  28.420  0.8546E+00  0.1516E+02
  28.440  0.8605E+00  0.1518E+02
  28.460  0.8638E+00  0.1519E+02
  28.480  0.8681E+00  0.1521E+02
  28.500  0.8745E+00  0.1523E+02
  28.520  0.8822E+00  0.1525E+02
  28.540  0.8840E+00  0.1526E+02
  28.560  0.8824E+00  0.1528E+02
  28.580  0.8863E+00  0.1530E+02
  28.600  0.8936E+00  0.1532E+02
  28.620  0.9092E+00  0.1533E+02
  28.640  0.9279E+00  0.1535E+02
  28.660  0.9362E+00  0.1537E+02
  28.680  0.9312E+00  0.1539E+02
  28.700  0.9252E+00  0.1541E+02
  28.720  0.9175E+00  0.1543E+02
  28.740  0.9098E+00  0.1545E+02
  28.760  0.9021E+00  0.1546E+02
  28.780  0.8943E+00  0.1548E+02
  28.800  0.8867E+00  0.1550E+02
  28.820  0.8799E+00  0.1552E+02
  28.840  0.8732E+00  0.1554E+02
  28.860  0.8667E+00  0.1555E+02
  28.880  0.8605E+00  0.1557E+02
  28.900  0.8539E+00  0.1559E+02
  28.920  0.8497E+00  0.1560E+02
  28.940  0.8426E+00  0.1562E+02
  28.960  0.8370E+00  0.1564E+02
  28.980  0.8300E+00  0.1565E+02
  29.000  0.8242E+00  0.1567E+02
  29.020  0.8196E+00  0.1569E+02
  29.040  0.8158E+00  0.1570E+02
  29.060  0.8099E+00  0.1572E+02
  29.080  0.8021E+00  0.1574E+02
  29.100  0.7923E+00  0.1575E+02
  29.120  0.7841E+00  0.1577E+02
  29.140  0.7769E+00  0.1578E+02
  29.160  0.7732E+00  0.1580E+02
  29.180  0.7699E+00  0.1581E+02
  29.200  0.7671E+00  0.1583E+02
  29.220  0.7647E+00  0.1584E+02
  29.240  0.7628E+00  0.1586E+02
  29.260  0.7612E+00  0.1588E+02
  29.280  0.7607E+00  0.1589E+02
  29.300  0.7616E+00  0.1591E+02
  29.320  0.7650E+00  0.1592E+02
  29.340  0.7699E+00  0.1594E+02
  29.360  0.7708E+00  0.1595E+02
  29.380  0.7722E+00  0.1597E+02
  29.400  0.7751E+00  0.1598E+02
  29.420  0.7775E+00  0.1600E+02
  29.440  0.7799E+00  0.1601E+02
  29.460  0.7830E+00  0.1603E+02
  29.480  0.7862E+00  0.1605E+02
  29.500  0.7902E+00  0.1606E+02
  29.520  0.7937E+00  0.1608E+02
  29.540  0.7962E+00  0.1609E+02
  29.560  0.7976E+00  0.1611E+02
  29.580  0.7994E+00  0.1612E+02
  29.600  0.8019E+00  0.1614E+02
  29.620  0.8046E+00  0.1616E+02
  29.640  0.8075E+00  0.1617E+02
  29.660  0.8106E+00  0.1619E+02
  29.680  0.8163E+00  0.1621E+02
  29.700  0.8188E+00  0.1622E+02
  29.720  0.8207E+00  0.1624E+02
  29.740  0.8220E+00  0.1625E+02
  29.760  0.8239E+00  0.1627E+02
  29.780  0.8281E+00  0.1629E+02
  29.800  0.8264E+00  0.1630E+02
  29.820  0.8255E+00  0.1632E+02
  29.840  0.8262E+00  0.1634E+02
  29.860  0.8272E+00  0.1635E+02
  29.880  0.8288E+00  0.1637E+02
  29.900  0.8310E+00  0.1639E+02
  29.920  0.8336E+00  0.1640E+02
  29.940  0.8370E+00  0.1642E+02
  29.960  0.8362E+00  0.1644E+02
  29.980  0.8376E+00  0.1645E+02
  30.000  0.8386E+00  0.1647E+02
  30.020  0.8393E+00  0.1649E+02
  30.040  0.8402E+00  0.1650E+02
  30.060  0.8410E+00  0.1652E+02
  30.080  0.8416E+00  0.1654E+02
  30.100  0.8423E+00  0.1655E+02
  30.120  0.8428E+00  0.1657E+02
  30.140  0.8417E+00  0.1659E+02
  30.160  0.8384E+00  0.1660E+02
  30.180  0.8336E+00  0.1662E+02
  30.200  0.8292E+00  0.1664E+02
  30.220  0.8256E+00  0.1665E+02
  30.240  0.8249E+00  0.1667E+02
  30.260  0.8244E+00  0.1669E+02
  30.280  0.8226E+00  0.1670E+02
  30.300  0.8191E+00  0.1672E+02
  30.320  0.8140E+00  0.1674E+02
  30.340  0.8074E+00  0.1675E+02
  30.360  0.8027E+00  0.1677E+02
  30.380  0.7995E+00  0.1679E+02
  30.400  0.7975E+00  0.1680E+02
  30.420  0.7956E+00  0.1682E+02
  30.440  0.7940E+00  0.1683E+02
  30.460  0.7925E+00  0.1685E+02
  30.480  0.7911E+00  0.1686E+02
  30.500  0.7902E+00  0.1688E+02
  30.520  0.7898E+00  0.1690E+02
  30.540  0.7896E+00  0.1691E+02
  30.560  0.7903E+00  0.1693E+02
  30.580  0.7914E+00  0.1694E+02
  30.600  0.7922E+00  0.1696E+02
  30.620  0.7923E+00  0.1698E+02
  30.640  0.7935E+00  0.1699E+02
  30.660  0.7947E+00  0.1701E+02
  30.680  0.7966E+00  0.1702E+02
  30.700  0.7994E+00  0.1704E+02
  30.720  0.8030E+00  0.1706E+02
  30.740  0.8074E+00  0.1707E+02
  30.760  0.8124E+00  0.1709E+02
  30.780  0.8182E+00  0.1710E+02
  30.800  0.8250E+00  0.1712E+02
  30.820  0.8328E+00  0.1714E+02
  30.840  0.8437E+00  0.1715E+02
  30.860  0.8545E+00  0.1717E+02
  30.880  0.8628E+00  0.1719E+02
  30.900  0.8722E+00  0.1721E+02
  30.920  0.8821E+00  0.1722E+02
  30.940  0.8922E+00  0.1724E+02
  30.960  0.9008E+00  0.1726E+02
  30.980  0.9122E+00  0.1728E+02
  31.000  0.9215E+00  0.1729E+02
  31.020  0.9291E+00  0.1731E+02
  31.040  0.9360E+00  0.1733E+02
  31.060  0.9422E+00  0.1735E+02
  31.080  0.9465E+00  0.1737E+02
  31.100  0.9502E+00  0.1739E+02
  31.120  0.9539E+00  0.1741E+02
  31.140  0.9571E+00  0.1743E+02
  31.160  0.9609E+00  0.1745E+02
  31.180  0.9632E+00  0.1747E+02
  31.200  0.9656E+00  0.1748E+02
  31.220  0.9707E+00  0.1750E+02
  31.240  0.9757E+00  0.1752E+02
  31.260  0.9796E+00  0.1754E+02
  31.280  0.9808E+00  0.1756E+02
  31.300  0.9866E+00  0.1758E+02
  31.320  0.9896E+00  0.1760E+02
  31.340  0.9925E+00  0.1762E+02
  31.360  0.9966E+00  0.1764E+02
  31.380  0.1000E+01  0.1766E+02
  31.400  0.9980E+00  0.1768E+02
  31.420  0.9982E+00  0.1770E+02
  31.440  0.1001E+01  0.1772E+02
  31.460  0.1002E+01  0.1774E+02
  31.480  0.1002E+01  0.1776E+02
  31.500  0.1008E+01  0.1778E+02
  31.520  0.1002E+01  0.1780E+02
  31.540  0.1008E+01  0.1782E+02
  31.560  0.1006E+01  0.1784E+02
  31.580  0.1008E+01  0.1786E+02
  31.600  0.1009E+01  0.1788E+02
  31.620  0.1010E+01  0.1790E+02
  31.640  0.1011E+01  0.1792E+02
  31.660  0.1011E+01  0.1794E+02
  31.680  0.1011E+01  0.1796E+02
  31.700  0.1012E+01  0.1798E+02
  31.720  0.1009E+01  0.1800E+02
  31.740  0.1008E+01  0.1802E+02
  31.760  0.1008E+01  0.1804E+02
  31.780  0.1008E+01  0.1806E+02
  31.800  0.1009E+01  0.1808E+02
  31.820  0.1008E+01  0.1810E+02
  31.840  0.1009E+01  0.1812E+02
  31.860  0.1012E+01  0.1814E+02
  31.880  0.1013E+01  0.1816E+02
  31.900  0.1005E+01  0.1819E+02
  31.920  0.1002E+01  0.1821E+02
  31.940  0.1000E+01  0.1823E+02
  31.960  0.9978E+00  0.1825E+02
  31.980  0.9962E+00  0.1827E+02
  32.000  0.9965E+00  0.1829E+02
  32.020  0.9971E+00  0.1830E+02
  32.040  0.9970E+00  0.1832E+02
  32.060  0.9969E+00  0.1834E+02
  32.080  0.9978E+00  0.1836E+02
  32.100  0.1017E+01  0.1839E+02
  32.120  0.1021E+01  0.1841E+02
  32.140  0.1024E+01  0.1843E+02
  32.160  0.1024E+01  0.1845E+02
  32.180  0.1018E+01  0.1847E+02
  32.200  0.1013E+01  0.1849E+02
  32.220  0.1007E+01  0.1851E+02
  32.240  0.1005E+01  0.1853E+02
  32.260  0.1003E+01  0.1855E+02
  32.280  0.1002E+01  0.1857E+02
  32.300  0.1003E+01  0.1859E+02
  32.320  0.1004E+01  0.1861E+02
  32.340  0.1003E+01  0.1863E+02
  32.360  0.1012E+01  0.1865E+02
  32.380  0.1013E+01  0.1867E+02
  32.400  0.1004E+01  0.1869E+02
  32.420  0.1005E+01  0.1871E+02
  32.440  0.1008E+01  0.1873E+02
  32.460  0.1012E+01  0.1875E+02
  32.480  0.1015E+01  0.1877E+02
  32.500  0.1018E+01  0.1879E+02
  32.520  0.1022E+01  0.1881E+02
  32.540  0.1027E+01  0.1883E+02
  32.560  0.1036E+01  0.1885E+02
  32.580  0.1044E+01  0.1887E+02
  32.600  0.1051E+01  0.1889E+02
  32.620  0.1060E+01  0.1891E+02
  32.640  0.1068E+01  0.1893E+02
  32.660  0.1077E+01  0.1896E+02
  32.680  0.1085E+01  0.1898E+02
  32.700  0.1090E+01  0.1900E+02
  32.720  0.1095E+01  0.1902E+02
  32.740  0.1104E+01  0.1904E+02
  32.760  0.1112E+01  0.1907E+02
  32.780  0.1110E+01  0.1909E+02
  32.800  0.1107E+01  0.1911E+02
  32.820  0.1102E+01  0.1913E+02
  32.840  0.1104E+01  0.1915E+02
  32.860  0.1104E+01  0.1918E+02
  32.880  0.1104E+01  0.1920E+02
  32.900  0.1104E+01  0.1922E+02
  32.920  0.1105E+01  0.1924E+02
  32.940  0.1106E+01  0.1927E+02
  32.960  0.1100E+01  0.1929E+02
  32.980  0.1095E+01  0.1931E+02
  33.000  0.1095E+01  0.1933E+02
  33.020  0.1100E+01  0.1935E+02
  33.040  0.1105E+01  0.1937E+02
  33.060  0.1112E+01  0.1940E+02
  33.080  0.1124E+01  0.1942E+02
  33.100  0.1126E+01  0.1944E+02
  33.120  0.1132E+01  0.1946E+02
  33.140  0.1139E+01  0.1949E+02
  33.160  0.1142E+01  0.1951E+02
  33.180  0.1140E+01  0.1953E+02
  33.200  0.1144E+01  0.1956E+02
  33.220  0.1153E+01  0.1958E+02
  33.240  0.1163E+01  0.1960E+02
  33.260  0.1173E+01  0.1963E+02
  33.280  0.1181E+01  0.1965E+02
  33.300  0.1182E+01  0.1967E+02
  33.320  0.1192E+01  0.1970E+02
  33.340  0.1205E+01  0.1972E+02
  33.360  0.1222E+01  0.1974E+02
  33.380  0.1240E+01  0.1977E+02
  33.400  0.1255E+01  0.1979E+02
  33.420  0.1277E+01  0.1982E+02
  33.440  0.1301E+01  0.1984E+02
  33.460  0.1324E+01  0.1987E+02
  33.480  0.1345E+01  0.1990E+02
  33.500  0.1376E+01  0.1993E+02
  33.520  0.1401E+01  0.1995E+02
  33.540  0.1433E+01  0.1998E+02
  33.560  0.1470E+01  0.2001E+02
  33.580  0.1515E+01  0.2004E+02
  33.600  0.1580E+01  0.2007E+02
  33.620  0.1621E+01  0.2010E+02
  33.640  0.1652E+01  0.2014E+02
  33.660  0.1681E+01  0.2017E+02
  33.680  0.1711E+01  0.2020E+02
  33.700  0.1744E+01  0.2024E+02
  33.720  0.1779E+01  0.2027E+02
  33.740  0.1817E+01  0.2031E+02
  33.760  0.1856E+01  0.2035E+02
  33.780  0.1895E+01  0.2038E+02
  33.800  0.1937E+01  0.2042E+02
  33.820  0.1978E+01  0.2046E+02
  33.840  0.2038E+01  0.2050E+02
  33.860  0.2132E+01  0.2054E+02
  33.880  0.2136E+01  0.2059E+02
  33.900  0.2116E+01  0.2063E+02
  33.920  0.2094E+01  0.2067E+02
  33.940  0.2050E+01  0.2071E+02
  33.960  0.2028E+01  0.2075E+02
  33.980  0.2021E+01  0.2079E+02
  34.000  0.1982E+01  0.2083E+02
  34.020  0.1942E+01  0.2087E+02
  34.040  0.1910E+01  0.2091E+02
  34.060  0.1834E+01  0.2095E+02
  34.080  0.1760E+01  0.2098E+02
  34.100  0.1657E+01  0.2102E+02
  34.120  0.1563E+01  0.2105E+02
  34.140  0.1483E+01  0.2108E+02
  34.160  0.1404E+01  0.2111E+02
  34.180  0.1316E+01  0.2114E+02
  34.200  0.1233E+01  0.2116E+02
  34.220  0.1167E+01  0.2119E+02
  34.240  0.1131E+01  0.2121E+02
  34.260  0.1100E+01  0.2123E+02
  34.280  0.1071E+01  0.2125E+02
  34.300  0.1040E+01  0.2127E+02
  34.320  0.1008E+01  0.2129E+02
  34.340  0.9648E+00  0.2131E+02
  34.360  0.9170E+00  0.2133E+02
  34.380  0.8708E+00  0.2135E+02
  34.400  0.8316E+00  0.2137E+02
  34.420  0.7874E+00  0.2138E+02
  34.440  0.7584E+00  0.2140E+02
  34.460  0.7283E+00  0.2141E+02
  34.480  0.6952E+00  0.2143E+02
  34.500  0.6598E+00  0.2144E+02
  34.520  0.6231E+00  0.2146E+02
  34.540  0.5981E+00  0.2147E+02
  34.560  0.5844E+00  0.2148E+02
  34.580  0.5717E+00  0.2149E+02
  34.600  0.5599E+00  0.2150E+02
  34.620  0.5488E+00  0.2151E+02
  34.640  0.5385E+00  0.2152E+02
  34.660  0.5289E+00  0.2153E+02
  34.680  0.5191E+00  0.2155E+02
  34.700  0.5095E+00  0.2156E+02
  34.720  0.5017E+00  0.2157E+02
  34.740  0.4940E+00  0.2158E+02
  34.760  0.4859E+00  0.2159E+02
  34.780  0.4779E+00  0.2160E+02
  34.800  0.4839E+00  0.2160E+02
  34.820  0.4605E+00  0.2161E+02
  34.840  0.4498E+00  0.2162E+02
  34.860  0.4382E+00  0.2163E+02
  34.880  0.4267E+00  0.2164E+02
  34.900  0.4129E+00  0.2165E+02
  34.920  0.4000E+00  0.2166E+02
  34.940  0.3878E+00  0.2167E+02
  34.960  0.3744E+00  0.2167E+02
  34.980  0.3605E+00  0.2168E+02
  35.000  0.3471E+00  0.2169E+02
